50.1
50.6
51.3333
51.9
52.3667
52.7667
53.3333
53.8667
54.3333
54.9
55.3333
55.8
56.3333
56.7667
57.3
57.7667
58.2
58.4667
58.9667
59.4
59.8333
60.1
60.4667
60.9
61.2667
61.6333
62.1
62.4
62.8333
63.1333
63.7333
63.9667
64.2667
64.4333
64.8
65.3
65.6
65.9333
66.2667
66.5
66.9
67.2
67.6
67.9333
68.3
68.5667
68.9333
69.2667
69.6667
70.0667
70.2667
70.6667
70.9333
71.1667
71.4
71.7333
71.9667
72.2
72.3667
72.6
72.9
73.2
73.4667
73.8
74.0333
74.4333
74.6333
74.9333
75.0333
75.3
75.3667
75.7667
75.9667
76.1667
76.6
76.9667
77.2
77.5
77.7333
77.8667
78.1667
78.4667
78.7333
78.9333
79.2667
79.5
79.7
79.9667
80.2
80.4667
80.7333
81.0333
81.1333
81.2333
81.5667
81.8333
81.9
82.0333
82.1667
82.3
82.5333
82.7
82.9333
83.1667
83.3667
83.4667
83.7
83.8667
83.9667
84.1667
84.3667
84.6333
84.8
84.9333
84.9667
85.1333
85.4333
85.5667
85.7667
85.9
86
86.1
86.2333
86.4667
86.6333
86.7667
86.8333
86.9
87.0667
87.1333
87.2667
87.3
87.3667
87.6333
87.6667
87.8
87.9
87.9667
88.1333
88.3
88.4667
88.5333
88.6
88.7667
88.8667
88.9333
89.0333
89.1333
89.2333
89.2333
89.4
89.5
89.5667
89.6333
89.7333
89.8333
89.9
90.0333
90.0667
90.1333
90.2
90.3333
90.4667
90.5667
90.6333
90.6667
90.7667
90.8667
90.9333
91
91.0667
91.1
91.2
91.3
91.3667
91.4
91.4667
91.5333
91.5667
91.6667
91.7
91.7667
91.9
91.9667
92
92.0667
92.2
92.3333
92.3667
92.4333
92.5
92.6333
92.6667
92.7333
92.8333
92.8667
92.9667
93
93.0333
93.1
93.1667
93.2333
93.3
93.3667
93.4
93.5
93.5
93.6333
93.7333
93.8
93.9333
94
94.0333
94.0333
94.0333
94.1
94.1333
94.1333
94.1667
94.2
94.2
94.2333
94.3
94.3333
94.3333
94.4
94.4333
94.5667
94.5667
94.6
94.6333
94.6667
94.7
94.8
94.8333
94.8667
95
95.1
95.1333
95.2333
95.3
95.3
95.3667
95.4
95.4333
95.5333
95.5667
95.6667
95.6667
95.7667
95.7667
95.8
95.8
95.8333
95.8333
95.8667
95.9667
95.9667
95.9667
96
96.0333
96.0667
96.1
96.1
96.1
96.1333
96.2
96.2333
96.2333
96.3
96.3667
96.3667
96.4333
96.4667
96.5
96.5
96.5333
96.5333
96.5667
96.6
96.6
96.6
96.6
96.6
96.6
96.6333
96.7667
96.7667
96.8
96.8333
96.8667
96.8667
96.9
96.9
96.9
96.9
96.9
96.9333
96.9667
96.9667
96.9667
97.0333
97.1333
97.1667
97.2
97.2333
97.2333
97.2667
97.3667
97.3667
97.3667
97.3667
97.3667
97.4
97.4667
97.5333
97.6
97.6
97.6
97.6
97.6667
97.7
97.7333
97.8333
97.8333
97.9
97.9333
97.9333
98.0333
98.0667
98.1
98.1667
98.1667
98.1667
98.2
98.2
98.2
98.2
98.2
98.2333
98.3
98.3
98.3667
98.3667
98.3667
98.4
98.4
98.4
98.4333
98.4667
98.4667
98.4667
98.4667
98.4667
98.4667
98.4667
98.5
98.5333
98.5333
98.5333
98.5667
98.6
98.6
98.6333
98.7
98.7
98.7
98.7333
98.7333
98.7333
98.7333
98.8
98.8333
98.8333
98.8667
98.8667
98.8667
98.8667
98.8667
98.8667
98.8667
98.8667
98.8667
98.9
98.9333
98.9333
98.9333
98.9333
98.9667
98.9667
98.9667
98.9667
98.9667
98.9667
98.9667
98.9667
99
99
99
99
99.0333
99.0333
99.0333
99.0333
99.0333
99.0667
99.0667
99.0667
99.0667
99.0667
99.0667
99.1
99.1
99.1
99.1333
99.1333
99.1333
99.1333
99.1667
99.1667
99.1667
99.1667
99.1667
99.1667
99.1667
99.1667
99.2
99.2333
99.2333
99.2333
99.2333
99.2333
99.2333
99.2333
99.2333
99.2333
99.2333
99.2333
99.2667
99.2667
99.2667
99.2667
99.3
99.4
99.4333
99.4333
99.4333
99.4333
99.4333
99.4333
99.4333
99.4667
99.4667
99.4667
99.4667
99.4667
99.4667
99.4667
99.4667
99.4667
99.4667
99.5
99.5333
99.5333
99.5333
99.5333
99.5333
99.5333
99.5333
99.5667
99.5667
99.6333
99.6667
99.6667
99.6667
99.6667
99.6667
99.6667
99.6667
99.6667
99.6667
99.6667
99.6667
99.6667
99.6667
99.6667
99.6667
99.6667
99.6667
99.6667
99.6667
99.6667
99.6667
99.6667
99.6667
99.6667
99.7
99.7
99.7333
99.7333
99.7333
99.7667
99.7667
99.7667
99.7667
99.7667
99.8
99.8
99.8
99.8
99.8
99.8333
99.8333
99.8333
99.8333
99.8333
99.8333
99.8333
99.8333
99.8333
99.8333
99.8333
99.8333
99.8333
99.8333
99.8333
99.8333
99.8333
99.8333
99.8333
99.8333
99.8333
99.8333
99.8333
99.8333
99.8333
99.8333
99.8333
99.8333
99.8333
99.8333
99.8333
99.8667
99.8667
99.8667
99.8667
99.8667
99.8667
99.8667
99.8667
99.8667
99.8667
99.8667
99.8667
99.8667
99.8667
99.8667
99.8667
99.8667
99.8667
99.8667
99.8667
99.8667
99.8667
99.8667
99.8667
99.8667
99.8667
99.8667
99.8667
99.8667
99.8667
99.8667
99.8667
99.8667
99.8667
99.8667
99.8667
99.8667
99.8667
99.8667
99.8667
99.8667
99.8667
99.8667
99.8667
99.8667
99.8667
99.8667
99.8667
99.8667
99.8667
99.8667
99.8667
99.8667
99.8667
99.8667
99.8667
99.8667
99.8667
99.8667
99.8667
99.8667
99.9
99.9
99.9
99.9
99.9
99.9
99.9
99.9
99.9
99.9
99.9
99.9
99.9
99.9
99.9
99.9
99.9
99.9
99.9
99.9
99.9
99.9
99.9
99.9
99.9
99.9
99.9
99.9
99.9
99.9
99.9
99.9
99.9
99.9
99.9
99.9
99.9
99.9
99.9
99.9
99.9
99.9
99.9
99.9
99.9
99.9
99.9
99.9
99.9
99.9
99.9
99.9
99.9
99.9
99.9
99.9
99.9
99.9
99.9
99.9
99.9
99.9
99.9
99.9
99.9
99.9
99.9
99.9333
99.9333
99.9333
99.9333
99.9333
99.9333
99.9333
99.9333
99.9333
99.9333
99.9333
99.9667
99.9667
99.9667
99.9667
99.9667
99.9667
99.9667
99.9667
99.9667
99.9667
99.9667
99.9667
99.9667
99.9667
99.9667
99.9667
99.9667
99.9667
99.9667
99.9667
99.9667
99.9667
99.9667
99.9667
99.9667
99.9667
99.9667
99.9667
99.9667
99.9667
99.9667
99.9667
99.9667
99.9667
99.9667
99.9667
99.9667
99.9667
99.9667
99.9667
99.9667
99.9667
99.9667
99.9667
99.9667
99.9667
99.9667
99.9667
99.9667
99.9667
99.9667
99.9667
99.9667
99.9667
99.9667
99.9667
99.9667
99.9667
99.9667
99.9667
99.9667
99.9667
99.9667
99.9667
99.9667
99.9667
99.9667
99.9667
99.9667
99.9667
99.9667
99.9667
99.9667
99.9667
99.9667
99.9667
99.9667
99.9667
99.9667
99.9667
99.9667
99.9667
99.9667
99.9667
99.9667
99.9667
99.9667
99.9667
99.9667
99.9667
99.9667
99.9667
99.9667
99.9667
99.9667
99.9667
99.9667
99.9667
99.9667
99.9667
99.9667
99.9667
99.9667
99.9667
99.9667
99.9667
99.9667
99.9667
99.9667
99.9667
99.9667
100
100
100
100
100
100
100
100
100
100
100
100
100
100
100
100
100
100
100
100
100
100
100
100
100
100
100
100
100
100
100
100
100
100
100
100
100
100
100
100
100
100
100
100
100
100
100
100
100
100
100
100
100
100
100
100
100
100
100
100
100
100
100
100
100
100
100
100
100
100
100
100
100
100
100
100
100
100
100
100
100
100
100
100
100
100
100
100
100
100
100
100
100
100
100
100
100
100
100
100
100
100
100
100
100
100
100
100
100
100
100
100
100
100
100
100
100
100
100
100
100
100
100
100
100
100
100
100
100
100
100
100
100
100
100
100
100
100
100
100
100
100
100
100
100
100
100
100
100
100
100
100
100
100
100
100
100
100
100
100
100
100
100
100
100
100
100
100
100
100
100
100
100
100
100
100
100
100
100
100
100
100
100
100
100
100
100
100
100
100
100
100
100
100
100
100
100
100
100
100
100
100
100
100
100
100
100
100
100
