0.794549
0.978561
0.672817
0.0293716
0.647764
0.963325
0.605527
0.0934135
0.000971091
0.321134
0.298007
0.605721
0.361064
0.395201
0.144046
0.983788
0.517151
0.762621
0.369274
0.382904
0.46056
0.625679
0.78301
0.0541068
0.372282
0.939003
0.820619
0.148331
0.00264792
0.503592
0.874675
0.657944
0.0574149
0.971967
0.853565
0.85908
0.565735
0.306775
0.969227
0.790866
0.0785542
0.260346
0.639279
0.37036
0.639874
0.367388
0.696635
0.336905
0.359947
0.633148
0.314522
0.167759
0.518343
0.790347
0.358359
0.936033
0.900053
0.18282
0.654579
0.509267
0.255936
0.517317
0.549489
0.26564
0.615268
0.810086
0.112947
0.302792
0.0303607
0.272717
0.558268
0.809856
0.252598
0.420328
0.460793
0.553796
0.651182
0.410159
0.542695
0.0775979
0.187911
0.217566
0.634962
0.804053
0.716691
0.418652
0.289887
0.126904
0.872415
0.681402
0.330371
0.551839
0.750471
0.173305
0.732303
0.810814
0.357795
0.459223
0.16007
0.29907
0.465535
0.251295
0.518477
0.0383461
0.483398
0.475148
0.812045
0.0474908
0.177505
0.322561
0.284021
0.541151
0.128762
0.101366
0.657483
0.310311
0.398542
0.302073
0.935693
0.194903
0.739086
0.820885
0.61585
0.586716
0.934056
0.67083
0.647308
0.310787
0.403196
0.52103
0.947128
0.376832
0.414167
0.897478
0.908422
0.841834
0.712017
0.870941
0.902123
0.987811
0.139893
0.184235
0.438219
0.140571
0.581213
0.448371
0.767701
0.745524
0.016973
0.265689
0.432904
0.825889
0.712168
0.399375
0.289188
0.376831
0.403413
0.164557
0.706709
0.656553
0.689833
0.0210188
0.262821
0.22769
0.786632
0.916196
0.506364
0.462476
0.834828
0.946291
0.311414
0.937458
0.857719
0.688381
0.6198
0.984654
0.0864386
0.773668
0.0352804
0.957088
0.770106
0.164416
0.346949
0.171899
0.106717
0.585142
0.482
0.967584
0.176218
0.699954
0.129855
0.468649
0.589435
0.638283
0.626046
0.962124
0.42629
0.664288
0.68441
0.873737
0.899917
0.903265
0.169178
0.369493
0.0666112
0.535145
0.183124
0.768454
0.404645
0.863143
0.851918
0.18669
0.701334
0.320216
0.877923
0.253263
0.596086
0.423826
0.240888
0.610863
0.780029
0.940323
0.00185677
0.20674
0.671837
0.572035
0.197629
0.558181
0.356218
0.94998
0.310205
0.61989
0.498188
0.0477498
0.531322
0.925643
0.280363
0.0681904
0.0757015
0.315679
0.624527
0.43117
0.668406
0.894777
0.524903
0.042101
0.592094
0.320544
0.376887
0.333968
0.00756706
0.179518
0.157239
0.714361
0.268273
0.867689
0.242526
0.129286
0.901523
0.903378
0.0691149
0.61448
0.570233
0.899821
0.290446
0.519486
0.00272152
0.740675
0.526695
0.168802
0.0491675
0.358116
0.856311
0.013387
0.996071
0.97246
0.136516
0.430246
0.146821
0.628745
0.314502
0.837165
0.230634
0.265932
0.518136
0.315157
0.845063
0.971186
0.730074
0.349788
0.893319
0.00606191
0.882517
0.458455
0.254747
0.53716
0.0470805
0.28166
0.851277
0.412214
0.0753129
0.784809
0.286456
0.457958
0.89282
0.618174
0.652688
0.721209
0.351809
0.848765
0.196011
0.355365
0.627568
0.527148
0.768167
0.583766
0.347941
0.841158
0.337078
0.2712
0.0595813
0.382272
0.843831
0.275316
0.228477
0.0146982
0.0334133
0.577096
0.246252
0.757364
0.0113492
0.745383
0.650991
0.208493
0.143557
0.763157
0.381393
0.066715
0.278304
0.46314
0.986261
0.0898779
0.577165
0.41253
0.387015
0.560857
0.329392
0.0919431
0.287481
0.685221
0.5044
0.452494
0.0673752
0.37439
0.371489
0.611173
0.991217
0.376558
0.80564
0.397081
0.736868
0.546252
0.855336
0.629908
0.868044
0.214742
0.168502
0.0112319
0.773897
0.887545
0.961016
0.799375
0.0977513
0.905479
0.386757
0.219531
0.66062
0.0416949
0.766052
0.034792
0.748948
0.568657
0.414605
0.26159
0.548646
0.0912794
0.132549
0.744242
0.48307
0.960813
0.391124
0.627157
0.632954
0.0513563
0.144681
0.65728
0.911092
0.722556
0.998089
0.882545
0.933445
0.414647
0.979769
0.982237
0.458065
0.703254
0.597016
0.0538444
0.962976
0.733003
0.582542
0.791857
0.735995
0.868648
0.361301
0.386242
0.576034
0.40663
0.234625
0.349805
0.168423
0.690853
0.165197
0.469242
0.55591
0.171519
0.712385
0.0553221
0.799239
0.802199
0.556839
0.789704
0.549337
0.702215
0.122753
0.10967
0.224687
0.320152
0.795348
0.420256
0.245499
0.102978
0.745541
0.300374
0.380535
0.657227
0.00581583
0.746601
0.130471
0.821785
0.747094
0.405565
0.329012
0.700437
0.242802
0.775981
0.911713
0.162087
0.201391
0.776978
0.675217
0.370494
0.886739
0.419449
0.672978
0.744629
0.973369
0.406992
0.306346
0.76046
0.0441982
0.83915
0.586283
0.662873
0.910303
0.455459
0.901922
0.608072
0.861461
0.581898
0.965249
0.936767
0.246189
0.701305
0.828368
0.385627
0.23679
0.728546
0.666791
0.750824
0.0919573
0.526897
0.557698
0.226811
0.0186797
0.949935
0.554859
0.513343
0.761727
0.347567
0.566937
0.517693
0.863319
0.797771
0.141685
0.300214
0.688523
0.998852
0.709956
0.236674
0.78212
0.0873417
0.951588
0.345498
0.782185
0.189099
0.183714
0.68473
0.254507
0.496946
0.16317
0.390577
0.435024
0.448477
0.555596
0.895536
0.274802
0.595076
0.444455
0.957209
0.819519
0.64962
0.156619
0.295444
0.535505
0.237674
0.585202
0.482343
0.733051
0.381685
0.983866
0.839839
0.174968
0.691146
0.0897992
0.254751
0.604005
0.511329
0.906716
0.182054
0.777188
0.205723
0.592876
0.470002
0.32856
0.104844
0.109418
0.987921
0.99623
0.632205
0.46459
0.365362
0.642255
0.377776
0.280221
0.667718
0.331473
0.0736771
0.290664
0.19518
0.382612
0.558271
0.854404
0.965688
0.325822
0.0973443
0.0649115
0.96687
0.188115
0.640664
0.63274
0.459875
0.111391
0.152952
0.658803
0.501144
0.722279
0.343387
0.309198
0.690491
0.0832865
0.796387
0.882005
0.86075
0.628356
0.776831
0.192755
0.636397
0.923381
0.266804
0.167409
0.642399
0.797462
0.949719
0.920786
0.65141
0.253235
0.121261
0.0262192
0.665991
0.30736
0.791735
0.686488
0.804991
0.484367
0.758895
0.754039
0.126588
0.566888
0.688669
0.460034
0.792807
0.709161
0.865056
0.998792
0.70379
0.607093
0.406293
0.567731
0.862779
0.733544
0.67928
0.662234
0.158483
0.631335
0.843923
0.808736
0.427308
0.765476
0.353761
0.661922
0.919629
0.209019
0.975325
0.290179
0.0300929
0.770536
0.393336
0.803421
0.0950083
0.804869
0.437185
0.761962
0.291885
0.71833
0.976762
0.439505
0.764548
0.754492
0.751804
0.5708
0.442873
0.366267
0.846683
0.206482
0.340545
0.534708
0.833404
0.026222
0.713387
0.900205
0.737566
0.271687
0.243381
0.5012
0.661091
0.958764
0.945622
0.0670659
0.17725
0.0455833
0.118943
0.0778621
0.628718
0.863163
0.18446
0.227308
0.371474
0.364322
0.157841
0.82909
0.521829
0.385646
0.545172
0.712012
0.783301
0.941972
0.719413
0.175716
0.25671
0.53325
0.334959
0.654114
0.687218
0.0766519
0.28926
0.592439
0.115743
0.294411
0.1625
0.129403
0.868572
0.0848985
0.888374
0.904037
0.156615
0.225876
0.296106
0.661965
0.644179
0.714369
0.404843
0.202092
0.555398
0.574088
0.689816
0.741179
0.997668
0.80379
0.292514
0.290855
0.401698
0.335179
0.348011
0.0240038
0.432227
0.437175
0.60592
0.691465
0.459416
0.410432
0.126326
0.156291
0.778934
0.547079
0.759061
0.535914
0.101846
0.723057
0.419411
0.041805
0.616628
0.67095
0.649802
0.226951
0.35896
0.0370344
0.436328
0.369042
0.484894
0.618259
0.083301
0.0396544
0.471074
0.34098
0.850406
0.780871
0.101144
0.924203
0.0753756
0.836986
0.226693
0.0374735
0.816555
0.845572
0.525698
0.399412
0.924344
0.457566
0.308941
0.374663
0.964628
0.508279
0.642706
0.965981
0.241933
0.164353
0.281232
0.671288
0.329993
0.196678
0.567281
0.295181
0.110828
0.691458
0.338272
0.337009
0.111543
0.710899
0.0748663
0.277834
0.555447
0.388961
0.27278
0.611721
0.190754
0.995782
0.104036
0.529251
0.117153
0.997658
0.637644
0.87681
0.54547
0.718047
0.219496
0.0634446
0.313846
0.813152
0.653776
0.0104317
0.325862
0.769254
0.847099
0.194991
0.21924
0.77353
0.716805
0.334266
0.00506384
0.107986
0.913305
0.9215
0.656654
0.380282
0.394031
0.478783
0.904285
0.313309
0.786688
0.861199
0.168131
0.78271
0.00365676
0.459139
0.757326
0.386687
0.0568223
0.0122002
0.0482136
0.326503
0.5357
0.51535
0.479338
0.235673
0.94965
0.767946
0.872141
0.0780651
0.039528
0.346614
0.539926
0.541302
0.661211
0.967315
0.672033
0.861349
0.688457
0.896626
0.585563
0.561123
0.79079
0.813461
0.834582
0.816973
0.869785
0.479783
0.709714
0.169647
0.249747
0.492426
0.199983
0.121206
0.108296
0.124971
0.381541
0.552362
0.548281
0.957863
0.80951
0.431713
0.795784
0.735595
0.142228
0.420055
0.85845
0.968252
0.407833
0.448181
0.572132
0.814323
0.319078
0.747623
0.307731
0.0384375
0.0190102
0.50456
0.132313
0.789875
0.437157
0.304511
0.908168
0.587248
0.876551
0.194478
0.600107
0.996675
0.109103
0.695879
0.643105
0.669838
0.959736
0.282002
0.600684
0.702139
0.857104
0.344723
0.754403
0.255418
0.808783
0.21648
0.378343
0.816425
0.647974
0.504014
0.958572
0.719201
0.613904
0.883175
0.528698
0.82532
0.153298
0.485684
0.883634
0.241154
0.0809567
0.640029
0.964937
0.693906
0.476525
0.962782
0.480943
0.211587
0.134746
0.681277
0.229555
0.126443
0.125045
0.635693
0.0882986
0.0343467
0.265554
0.161003
0.984444
0.554398
0.769879
0.353374
0.15255
0.915861
0.883627
0.111651
0.525176
0.638762
0.681204
0.994428
0.358869
0.515518
0.306473
0.893959
0.771397
0.872401
0.446846
0.142861
0.0603324
0.00601768
0.139199
0.525488
0.883666
0.78223
0.94594
0.413979
0.741807
0.556864
0.219872
0.392324
0.793144
0.368604
0.128107
0.0974047
0.0804377
0.915646
0.267907
0.705832
0.911165
0.947015
0.479657
0.602018
0.122535
0.447242
0.801348
0.253578
0.879613
0.663837
0.104665
0.104374
0.212635
0.754298
0.492951
0.0250443
0.920343
0.203235
0.765628
0.91505
0.244621
0.339792
0.885792
0.51251
0.749333
0.0393737
0.753237
0.652296
0.139318
0.518896
0.0844577
0.480215
0.969141
0.360417
0.522402
0.00879269
0.778717
0.904076
0.812512
0.881749
0.555738
0.294921
0.735277
0.807939
0.0259498
0.138554
0.669986
0.446925
0.464922
0.949657
0.879464
0.154085
0.698301
0.345258
0.74698
0.489372
0.880038
0.804561
0.261802
0.111107
0.382451
0.852343
0.321842
0.203566
0.335961
0.488845
0.0210345
0.526037
0.106581
0.304828
0.237433
0.534093
0.497831
0.0393601
0.524449
0.408135
0.528934
0.799589
0.699806
0.646321
0.713876
0.108148
0.65057
0.131366
0.862486
0.805272
0.202549
0.235242
0.711761
0.569169
0.0253327
0.766861
0.636231
0.139424
0.302494
0.0202244
0.910722
0.499606
0.882754
0.445129
0.288649
0.332233
0.837781
0.584725
0.471201
0.469267
0.973439
0.580978
0.500719
0.58121
0.398587
0.0558303
0.340069
0.543484
0.333292
0.63352
0.575085
0.453704
0.394937
0.707677
0.920116
0.39587
0.39399
0.793514
0.587093
0.266903
0.839787
0.294658
0.320736
0.603159
0.287912
0.945141
0.982051
0.328285
0.4787
0.51746
0.948788
0.2792
0.516472
0.346429
0.433852
0.744708
0.310175
0.113509
0.74022
0.872193
0.950486
0.819848
0.18309
0.187432
0.170791
0.479629
0.124774
0.0797519
0.3903
0.774953
0.640207
0.96739
0.930185
0.613095
0.288842
0.574533
0.181115
0.00199852
0.589204
0.747615
0.166191
0.177539
0.896758
0.816924
0.0368247
0.912991
0.635273
0.0361059
0.832669
0.666225
0.24148
0.54939
0.591822
0.760056
0.255433
0.0678828
0.906494
0.44814
0.887692
0.440136
0.366836
0.417636
0.214518
0.400716
0.826188
0.748475
0.623734
0.0920468
0.0299747
0.784524
0.495755
0.152466
0.496182
0.323471
0.573021
0.767196
0.260198
0.141682
0.242181
0.335823
0.185388
0.819228
0.767609
0.199753
0.251512
0.169713
0.362649
0.0343619
0.521194
0.711315
0.0766884
0.902307
0.0789217
0.436236
0.817895
0.352973
0.421427
0.920404
0.237035
0.85514
0.333269
0.257847
0.629716
0.642633
0.729955
0.347514
0.660213
0.207247
0.208716
0.886737
0.393395
0.783681
0.334511
0.127079
0.824858
0.391215
0.148932
0.103556
0.461415
0.993633
0.984457
0.7732
0.171822
0.811366
0.634289
0.489518
0.325599
0.337987
0.546066
0.72838
0.890496
0.562009
0.682383
0.813699
0.838967
0.52089
0.599702
0.195732
0.665038
0.294209
0.768767
0.661406
0.243919
0.545493
0.0967496
0.0699883
0.293775
0.47643
0.354236
0.650884
0.405321
0.231782
0.563739
0.766948
0.0935169
0.738652
0.524698
0.592089
0.235862
0.138019
0.684382
0.41314
0.638009
0.0188428
0.691614
0.952037
0.880577
0.865392
0.636807
0.816378
0.858333
0.998879
0.159589
0.214141
0.0634852
0.996071
0.962145
0.769712
0.542431
0.645948
0.441526
0.726295
0.832361
0.486937
0.953269
0.592899
0.859419
0.254284
0.75886
0.164032
0.887353
0.748464
0.431174
0.736307
0.116627
0.156678
0.290646
0.880646
0.0104442
0.535977
0.164252
0.583184
0.575083
0.421263
0.170805
0.723616
0.81532
0.0756713
0.808163
0.79358
0.692841
0.583301
0.537733
0.678547
0.339873
0.251799
0.986514
0.346664
0.374749
0.414088
0.569719
0.259588
0.887713
0.799836
0.843579
0.0382445
0.774581
0.382947
0.190392
0.919037
0.246121
0.554859
0.515472
0.540006
0.872215
0.319773
0.430381
0.420217
0.593907
0.792888
0.0688359
0.92499
0.311417
0.99121
0.259248
0.185734
0.628906
0.0300409
0.89813
0.876092
0.478156
0.364803
0.240915
0.0566846
0.698592
0.241896
0.547972
0.759651
0.462927
0.421553
0.0473611
0.998644
0.202342
0.762322
0.344424
0.729866
0.863892
0.436329
0.373135
0.279157
0.799843
0.95732
0.67692
0.986728
0.945314
0.896653
0.0528914
0.945528
0.495789
0.730138
0.431862
0.307907
0.997909
0.849756
0.8567
0.551849
0.925798
0.882835
0.802731
0.49107
0.409447
0.582915
0.0535626
0.226457
0.0636188
0.24155
0.732017
0.0039132
0.769082
0.959568
0.459594
0.391222
0.266007
0.777329
0.561429
0.940956
0.649562
0.183668
0.912236
0.948666
0.229224
0.560548
0.133176
0.287497
0.956678
0.892582
0.623094
0.347201
0.40602
0.970867
0.353687
0.413921
0.772394
0.628736
0.166639
0.693734
0.579282
0.98899
0.94672
0.51925
0.0311287
0.180091
0.783078
0.196905
0.388569
0.672544
0.454233
0.287571
0.204076
0.911407
0.0217671
0.839827
0.979387
0.56182
0.512798
0.587954
0.750742
0.721263
0.261757
0.352779
0.160007
0.230254
0.87596
0.254864
0.50456
0.147802
0.103158
0.78009
0.973122
0.254531
0.907478
0.977847
0.667753
0.927694
0.753916
0.0597145
0.62088
0.123525
0.0880443
0.760312
0.558684
0.805315
0.93685
0.636677
0.625511
0.959147
0.378616
0.393559
0.550303
0.94262
0.608475
0.646493
0.60964
0.221299
0.375388
0.138827
0.273096
0.923172
0.757593
0.859348
0.0612171
0.87536
0.177506
0.343943
0.645258
0.854891
0.160922
0.621459
0.85398
0.836203
0.0569489
0.139853
0.516685
0.922579
0.784615
0.0182107
0.0668557
0.643903
0.0749837
0.250948
0.678753
0.802345
0.0161892
0.092712
0.210178
0.46102
0.36667
0.625423
0.477842
0.089916
0.218622
0.381184
0.554827
0.98432
0.464938
0.205814
0.11127
0.11628
0.317119
0.816938
0.281148
0.259661
0.122221
0.175924
0.760286
0.134104
0.880309
0.348121
0.86702
0.00288114
0.423288
0.208186
0.982669
0.720286
0.853015
0.620772
0.308308
0.739614
0.684303
0.0816864
0.903339
0.41901
0.29657
0.458539
0.667963
0.447103
0.455715
0.194631
0.164104
0.0914481
0.968707
0.0655987
0.517754
0.88887
0.246454
0.151895
0.8962
0.441779
0.97271
0.342376
0.311443
0.424548
0.37504
0.296818
0.628061
0.819209
0.449318
0.689447
0.538664
0.327498
0.25187
0.183213
0.263697
0.962145
0.771159
0.876922
0.432932
0.2918
0.288233
0.33981
0.190191
0.543242
0.262734
0.777605
0.202169
0.850889
0.892621
0.283194
0.638866
0.425709
0.898943
0.540792
0.0885736
0.65646
0.115551
0.063396
0.496656
0.295004
0.124059
0.0569069
0.434768
0.145813
0.683497
0.53558
0.485025
0.8148
0.347383
0.473776
0.758449
0.261065
0.716682
0.275813
0.593715
0.574168
0.0488574
0.146552
0.106262
0.940548
0.790524
0.334602
0.652259
0.514398
0.489588
0.510691
0.184481
0.570769
0.907307
0.103886
0.0188802
0.319304
0.545721
0.938628
0.523272
0.634782
0.781039
0.930642
0.306901
0.08993
0.453781
0.697104
0.227943
0.0448338
0.52212
0.272485
0.660854
0.964428
0.136225
0.534383
0.368071
0.163393
0.137976
0.964129
0.122035
0.0358128
0.905852
0.655522
0.357078
0.411592
0.624363
0.667874
0.963857
0.545643
0.629574
0.249752
0.577381
0.0426737
0.216978
0.755478
0.313333
0.183508
0.221671
0.624783
0.720349
0.900895
0.346764
0.0605024
0.864427
0.422487
0.746103
0.754049
0.294816
0.971644
0.42507
0.14462
0.624575
0.236871
0.0890817
0.195881
0.180034
0.830891
0.783449
0.422649
0.462894
0.86106
0.837125
0.567889
0.514494
0.103847
0.363336
0.582632
0.288329
0.944928
0.406699
0.394376
0.276941
0.543093
0.760652
0.278273
0.936268
0.862363
0.739588
0.250284
0.522107
0.0545914
0.517294
0.156652
0.857902
0.761726
0.325364
0.394232
0.865394
0.672894
0.337119
0.954473
0.834637
0.749321
0.834949
0.986211
0.24128
0.197872
0.638655
0.870511
0.674839
0.0227369
0.138296
0.34396
0.934529
0.623079
0.089236
0.788985
0.463842
0.786688
0.873009
0.658654
0.991141
0.106706
0.404901
0.166739
0.377013
0.46368
0.0704766
0.499794
0.0311379
0.335006
0.442057
0.648653
0.90928
0.267242
0.532367
0.488704
0.652282
0.904464
0.332949
0.879949
0.307056
0.689881
0.833153
0.807559
0.636369
0.452171
0.639655
0.68217
0.235256
0.947632
0.855028
0.458533
0.564537
0.175232
0.131382
0.133138
0.645061
0.545801
0.274104
0.868365
0.615751
0.922251
0.2665
0.0645379
0.689152
0.571338
0.477203
0.354321
0.0723325
0.693017
0.537215
0.97665
0.550908
0.117815
0.122983
0.971169
0.443206
0.963702
0.935839
0.644126
0.832197
0.728439
0.881385
0.429828
0.116621
0.0482517
0.966129
0.724512
0.871517
0.57867
0.703685
0.827071
0.583296
0.448857
0.935425
0.685835
0.820901
0.881766
0.846144
0.136088
0.226363
0.479734
0.887061
0.838121
0.307515
0.401109
0.437357
0.664253
0.107551
0.617986
0.498434
0.177991
0.49441
0.544746
0.549084
0.453459
0.282939
0.359173
0.617019
0.240607
0.889152
0.980139
0.2046
0.708066
0.470271
0.843052
0.178716
0.683025
0.602169
0.654553
0.0786135
0.257606
0.578858
0.86733
0.215634
0.167081
0.133034
0.903037
0.338765
0.619069
0.687401
0.152979
0.110721
0.887644
0.640399
0.177955
0.887788
0.0507872
0.580561
0.481733
0.494367
0.83264
0.188816
0.436403
0.624736
0.933775
0.958574
0.745067
0.346294
0.158765
0.367384
0.62104
0.813409
0.96814
0.531524
0.315776
0.240978
0.114395
0.636047
0.0343748
0.737351
0.653486
0.140082
0.360301
0.577252
0.870003
0.14315
0.917588
0.90886
0.203497
0.180914
0.61592
0.765164
0.104967
0.186615
0.432273
0.204793
0.963719
0.217072
0.323006
0.753844
0.86228
0.339294
0.509229
0.61786
0.372988
0.803176
0.979035
0.635169
0.286584
0.612432
0.141291
0.673689
0.695604
0.0173923
0.312458
0.478895
0.790729
0.78715
0.626734
0.513047
0.784735
0.0481048
0.496815
0.973899
0.3251
0.958246
0.247074
0.576274
0.442345
0.484308
0.767827
0.86085
0.313428
0.783382
0.307861
0.220351
0.438967
0.712334
0.202592
0.967994
0.0687138
0.873065
0.602584
0.632231
0.90901
0.738662
0.690476
0.825517
0.467797
0.265113
0.760005
0.406624
0.13707
0.731276
0.548082
0.616958
0.221583
0.142985
0.144768
0.122823
0.282686
0.108374
0.445843
0.277121
0.573799
0.848346
0.150056
0.989305
0.24568
0.151779
0.948601
0.131661
0.832677
0.798397
0.651646
0.212071
0.27525
0.133161
0.038172
0.557361
0.573833
0.405842
0.981319
0.0232207
0.270528
0.760402
0.0683204
0.260808
0.403053
0.119274
0.630702
0.215557
0.861682
0.287661
0.713321
0.790011
0.707705
0.389918
0.346217
0.870271
0.643633
0.53882
0.94894
0.834009
0.185882
0.125385
0.348316
0.15062
0.471123
0.169847
0.622935
0.673729
0.360665
0.704015
0.385922
0.191156
0.752263
0.281926
0.337086
0.400093
0.355414
0.446323
0.352854
0.418949
0.267317
0.792483
0.256435
0.909603
0.703555
0.653078
0.279581
0.913668
0.0190794
0.668161
0.776041
0.922363
0.162821
0.539067
0.103114
0.0396529
0.446061
0.946209
0.935797
0.93505
0.377053
0.130643
0.720782
0.185351
0.19538
0.758978
0.143916
0.790847
0.760451
0.906947
0.0609589
0.535748
0.31551
0.77126
0.568209
0.880488
0.357532
0.0403922
0.872582
0.489316
0.93185
0.606914
0.410202
0.271675
0.0333367
0.290041
0.725454
0.706523
0.538504
0.640423
0.59384
0.674312
0.162003
0.789921
0.199962
0.76657
0.736502
0.381006
0.568113
0.270533
0.850671
0.225169
0.412594
0.473675
0.0565899
0.105958
0.82816
0.887326
0.292406
0.461183
0.102972
0.65614
0.74422
0.10094
0.49677
0.205663
0.575816
0.73982
0.150125
0.14425
0.408615
0.584781
0.407219
0.125654
0.858762
0.219456
0.396779
0.661977
0.840597
0.918238
0.831614
0.944453
0.414755
0.792787
0.368549
0.208978
0.299565
0.791399
0.0441532
0.0835449
0.138989
0.991437
0.0746659
0.909756
0.268319
0.638555
0.188507
0.2311
0.104917
0.345194
0.673131
0.320999
0.0293853
0.87861
0.801924
0.940111
0.437705
0.503406
0.741294
0.926007
0.39941
0.88785
0.0968597
0.921324
0.689098
0.671
0.501593
0.273661
0.419806
0.682792
0.691379
0.011045
0.632745
0.538584
0.986927
0.275677
0.30318
0.54125
0.794816
0.471092
0.651656
0.374445
0.289741
0.676781
0.652459
0.879236
0.320071
0.440494
0.3876
0.385753
0.34404
0.278003
0.399792
0.298844
0.670631
0.287816
0.320614
0.551828
0.575951
0.0121669
0.489223
0.371523
0.181168
0.888327
0.112173
0.294748
0.834982
0.534409
0.805651
0.572665
0.787145
0.551655
0.671046
0.26288
0.217389
0.660707
0.498425
0.0260968
0.609017
0.756653
0.0673236
0.506915
0.723051
0.317261
0.210594
0.455963
0.369428
0.97182
0.371651
0.332629
0.49475
0.259639
0.757364
0.0157789
0.195771
0.323604
0.804468
0.689813
0.694057
0.00864545
0.304145
0.76007
0.499319
0.0484369
0.0795444
0.903551
0.980344
0.6463
0.371167
0.199943
0.449116
0.300739
0.517927
0.801462
0.165849
0.428155
0.00144594
0.301949
0.852862
0.0433447
0.49469
0.261276
0.270957
0.978458
0.950342
0.40373
0.494823
0.490391
0.995314
0.241931
0.139567
0.701057
0.669232
0.785025
0.922837
0.123538
0.304882
0.14627
0.359741
0.165871
0.78593
0.119893
0.0436476
0.584992
0.964836
0.994934
0.858862
0.892624
0.334355
0.501387
0.817701
0.0948557
0.240223
0.424775
0.187116
0.854205
0.624001
0.584117
0.248084
0.548883
0.0773745
0.432655
0.624522
0.333661
0.839103
0.808068
0.202909
0.29509
0.579591
0.19167
0.401379
0.980048
0.668777
0.127134
0.748659
0.717114
0.534348
0.789178
0.707817
0.279109
0.989821
0.927785
0.281678
0.156725
0.0690093
0.839828
0.982158
0.126197
0.997082
0.950101
0.350344
0.232815
0.915551
0.670889
0.630934
0.111539
0.635695
0.12826
0.666293
0.386329
0.028577
0.293958
0.560004
0.979689
0.636618
0.639999
0.457788
0.0452342
0.251647
0.434234
0.163959
0.656312
0.643616
0.247624
0.822457
0.0267859
0.190424
0.454783
0.533871
0.761585
0.951603
0.588475
0.504356
0.711932
0.43571
0.976383
0.0614056
0.0441005
0.197169
0.826793
0.910671
0.653975
0.356283
0.0456715
0.600545
0.364998
0.516657
0.460988
0.817408
0.171913
0.340725
0.565008
0.0811332
0.606528
0.916617
0.579625
0.76388
0.523684
0.55197
0.955872
0.338163
0.511649
0.290139
0.370393
0.187298
0.909518
0.266501
0.0790324
0.297135
0.952395
0.897248
0.0392446
0.584746
0.819646
0.794671
0.0335933
0.602152
0.363663
0.0821038
0.91899
0.470755
0.97465
0.940597
0.612786
0.0892375
0.814225
0.673208
0.613853
0.0196842
0.832994
0.134517
0.825593
0.743613
0.897648
0.761603
0.25788
0.188276
0.363035
0.526194
0.748779
0.72518
0.105417
0.73593
0.782715
0.0985828
0.880972
0.494279
0.354138
0.990645
0.768171
0.652364
0.276654
0.721807
0.405484
0.976036
0.236849
0.728333
0.0930748
0.308313
0.81171
0.410407
0.717914
0.988354
0.270801
0.348595
0.833544
0.369734
0.125593
0.846672
0.0157689
0.0277232
0.944216
0.44699
0.554181
0.115935
0.516997
0.162145
0.17687
0.646893
0.322575
0.522937
0.99521
0.492433
0.313943
0.442939
0.477392
0.529542
0.00528453
0.817074
0.564938
0.907006
0.0444752
0.494971
0.969534
0.957389
0.828632
0.824556
0.313318
0.932767
0.0140145
0.54147
0.487422
0.104143
0.332352
0.845088
0.396628
0.124237
0.0551029
0.11449
0.233088
0.503886
0.803793
0.340756
0.0897812
0.952904
0.454592
0.325263
0.688428
0.415241
0.95929
0.788965
0.138476
0.366222
0.0929492
0.196719
0.25878
0.316453
0.619071
0.723864
0.987534
0.475917
0.738609
0.802958
0.308804
0.0686548
0.881503
0.422515
0.215936
0.230546
0.793518
0.656364
0.507866
0.702493
0.806976
0.843554
0.610917
0.679811
0.57675
0.434539
0.295107
0.855588
0.871769
0.823066
0.27695
0.705404
0.72284
0.77705
0.881354
0.9221
0.734153
0.90858
0.49747
0.982752
0.113263
0.606238
0.0340425
0.152039
0.316364
0.135082
0.317703
0.639971
0.989803
0.611654
0.0758012
0.990945
0.814231
0.772807
0.563744
0.853014
0.614573
0.13038
0.300198
0.433399
0.130034
0.487663
0.159674
0.635715
0.455786
0.391189
0.713457
0.0779479
0.0700769
0.782992
0.749833
0.446154
0.515287
0.42079
0.223675
0.307402
0.503003
0.972212
0.972277
0.0670065
0.178199
0.983851
0.588354
0.471222
0.825328
0.28511
0.845111
0.788471
0.826676
0.946769
0.350645
0.290363
0.133467
0.186593
0.0605357
0.422932
0.222125
0.253106
0.944763
0.630412
0.337099
0.622972
0.288545
0.574689
0.791311
0.564336
0.787025
0.529063
0.965842
0.912649
0.887846
0.0252406
0.219024
0.144795
0.563643
0.148603
0.578147
0.914523
0.391768
0.449969
0.636354
0.205233
0.359364
0.823044
0.906294
0.0757574
0.254781
0.106802
0.0249905
0.0150355
0.701129
0.875589
0.0196898
0.9272
0.454873
0.0468564
0.515251
0.816884
0.373329
0.533925
0.682873
0.0538719
0.424583
0.963286
0.940051
0.435288
0.880425
0.300416
0.09981
0.506108
0.157347
0.528326
0.570658
0.0468457
0.335502
0.788504
0.385894
0.716345
0.617732
0.218239
0.950882
0.477333
0.539498
0.343547
0.988211
0.864599
0.318706
0.488446
0.303975
0.903985
0.282754
0.242603
0.428252
0.622835
0.985518
0.607461
0.591175
0.883265
0.0359079
0.504098
0.381852
0.78674
0.730982
0.620217
0.980192
0.0860681
0.546069
0.786499
0.690111
0.687131
0.618263
0.143204
0.829885
0.87421
0.84909
0.650842
0.694483
0.180636
0.954746
0.410066
0.976412
0.551595
0.650385
0.0253145
0.460506
0.721052
0.724692
0.90173
0.379483
0.972332
0.985149
0.402277
0.0666193
0.669931
0.526912
0.803313
0.277217
0.180506
0.767025
0.389071
0.109488
0.162918
0.158977
0.926042
0.984846
0.309017
0.641776
0.327142
0.276758
0.475015
0.58002
0.391077
0.828852
0.515487
0.797282
0.913925
0.33353
0.636168
0.0776129
0.439239
0.290557
0.388674
0.435739
0.470986
0.855003
0.0336473
0.509557
0.117896
0.47437
0.732586
0.569795
0.540631
0.38749
0.545789
0.073123
0.977966
0.671077
0.786863
0.803843
0.192633
0.583407
0.325409
0.145501
0.440753
0.738983
0.0805823
0.347127
0.164851
0.65612
0.416851
0.00679965
0.281747
0.329295
0.455042
0.896015
0.320873
0.912008
0.119255
0.315636
0.898819
0.458226
0.4093
0.102645
0.150047
0.83259
0.333011
0.910807
0.938359
0.00049943
0.39393
0.777002
0.0645553
0.98084
0.984702
0.887561
0.244738
0.307271
0.301891
0.890062
0.264647
0.927954
0.122047
0.245411
0.619356
0.521656
0.466261
0.450977
0.570332
0.569741
0.63984
0.782688
0.64002
0.818889
0.0672414
0.125608
0.0926704
0.511526
0.21421
0.235163
0.386796
0.879325
0.822312
0.592777
0.806774
0.443975
0.884192
0.617982
0.425696
0.665788
0.898545
0.85042
0.0103794
0.446781
0.0502761
0.990494
0.236223
0.204833
0.620844
0.524378
0.212673
0.394871
0.597835
0.809455
0.516341
0.136082
0.137111
0.422798
0.963967
0.392017
0.629939
0.390548
0.940554
0.891022
0.411339
0.380201
0.0407422
0.753684
0.165603
0.284398
0.872598
0.752454
0.495363
0.569057
0.144938
0.971731
0.879099
0.0241277
0.514965
0.0102804
0.783052
0.747273
0.411102
0.391179
0.545503
0.277014
0.779863
0.151161
0.564918
0.582016
0.937823
0.983966
0.522806
0.797855
0.54842
0.296868
0.45595
0.149515
0.891511
0.617702
0.722572
0.268146
0.725463
0.850693
0.5961
0.646063
0.38792
0.779592
0.609175
0.398796
0.566912
0.0856616
0.714338
0.872775
0.737103
0.483174
0.703519
0.041948
0.0198558
0.716479
0.864878
0.00566008
0.129017
0.396462
0.33254
0.999921
0.673642
0.89643
0.299232
0.186193
0.337974
0.329815
0.207756
0.759838
0.600214
0.790846
0.752422
0.949177
0.809898
0.960713
0.696324
0.119135
0.300432
0.365288
0.39942
0.045481
0.399451
0.568118
0.361405
0.135929
0.558565
0.799276
0.434069
0.391702
0.340996
0.126388
0.197894
0.0116204
0.303805
0.0464684
0.994774
0.160995
0.843984
0.845714
0.921161
0.959456
0.578941
0.255344
0.573899
0.526578
0.192581
0.705359
0.969419
0.0287989
0.0238026
0.0498501
0.830509
0.364589
0.653401
0.713053
0.286162
0.525224
0.439549
0.496149
0.77539
0.981718
0.726483
0.991459
0.452046
0.530362
0.80135
0.289266
0.691927
0.224106
0.549267
0.522977
0.666525
0.277748
0.11606
0.616655
0.119948
0.972708
0.304285
0.117028
0.893445
0.124848
0.318674
0.953701
0.853062
0.414741
0.55384
0.38834
0.822886
0.252387
0.874874
0.00123546
0.764367
0.720318
0.39287
0.96586
0.207828
0.967063
0.435573
0.6674
0.993921
0.828315
0.483349
0.639808
0.257766
0.269032
0.614324
0.944243
0.894227
0.281084
0.182072
0.0787854
0.145927
0.599572
0.0114861
0.0468207
0.916048
0.0207484
0.718651
0.362525
0.957643
0.100648
0.594676
0.722833
0.648627
0.477789
0.194368
0.744138
0.730981
0.596182
0.0276446
0.622124
0.0315141
0.658313
0.266449
0.213115
0.824717
0.0239417
0.388001
0.13933
0.721411
0.756264
0.523532
0.999955
0.245452
0.310307
0.335282
0.0821311
0.377874
0.925887
0.381506
0.973782
0.354217
0.323209
0.181207
0.548153
0.800016
0.868252
0.710304
0.0746604
0.816732
0.810169
0.513695
0.673039
0.759717
0.556029
0.172886
0.687107
0.203919
0.269624
0.572917
0.0189258
0.0860066
0.513599
0.0584117
0.724796
0.644428
0.898769
0.609425
0.610025
0.683031
0.708639
0.0946233
0.333417
0.734
0.344356
0.588101
0.210593
0.442689
0.281339
0.465193
0.501027
0.759394
0.13997
0.47197
0.402804
0.929075
0.95662
0.90408
0.874301
0.372586
0.0597571
0.337712
0.932617
0.490715
0.443195
0.775493
0.71511
0.847338
0.213824
0.741914
0.350872
0.100897
0.77791
0.328284
0.471367
0.266552
0.946601
0.524027
0.313571
0.181672
0.353046
0.648468
0.809443
0.306265
0.398773
0.179053
0.335957
0.42578
0.0895376
0.858351
0.303818
0.266429
0.864309
0.448575
0.205942
0.268922
0.769093
0.148395
0.0718082
0.88083
0.11774
0.852466
0.389718
0.986412
0.618586
0.568052
0.247736
0.70329
0.188032
0.261454
0.254487
0.156365
0.0332429
0.713771
0.357233
0.0166067
0.108684
0.654972
0.118918
0.653383
0.413702
0.0973033
0.377255
0.530653
0.682085
0.805472
0.572192
0.829927
0.583232
0.383469
0.959401
0.644535
0.695742
0.343272
0.370027
0.0465717
0.730185
0.2186
0.0125226
0.467317
0.195618
0.750473
0.205095
0.0387981
0.0796332
0.394631
0.559741
0.572285
0.394301
0.0140152
0.553296
0.24102
0.823785
0.352702
0.856384
0.243958
0.208652
0.81969
0.531359
0.554053
0.975525
0.641931
0.929394
0.32824
0.733434
0.831584
0.431982
0.320388
0.75629
0.957911
0.610273
0.852044
0.309929
0.982493
0.754891
0.448163
0.275403
0.690623
0.298893
0.486522
0.970692
0.419847
0.369431
0.0276842
0.288382
0.843419
0.339391
0.15218
0.688036
0.820249
0.93212
0.141348
0.642359
0.127643
0.28812
0.439286
0.0798697
0.369221
0.499299
0.71274
0.0291976
0.724466
0.100236
0.661186
0.554788
0.31522
0.904816
0.240003
0.735542
0.246852
0.839402
0.831564
0.0999091
0.172037
0.422469
0.432813
0.296389
0.413768
0.206863
0.752556
0.208391
0.428588
0.282255
0.853956
0.439257
0.591872
0.593517
0.240644
0.501065
0.393643
0.962321
0.727281
0.409495
0.385994
0.40908
0.399778
0.0709558
0.553315
0.572044
0.346072
0.435409
0.922364
0.167032
0.306397
0.618778
0.793424
0.0748347
0.746251
0.2458
0.164267
0.838519
0.995421
0.0448998
0.631359
0.254737
0.358773
0.906275
0.769551
0.83882
0.0485713
0.338579
0.496872
0.922964
0.254979
0.437642
0.455322
0.595319
0.528075
0.349693
0.297718
0.739504
0.847454
0.162809
0.33422
0.233047
0.82595
0.737508
0.296537
0.898054
0.589265
0.771954
0.226517
0.0689238
0.401975
0.991258
0.0720089
0.253495
0.486011
0.387591
0.242968
0.568633
0.0145051
0.786785
0.493365
0.979235
0.00583761
0.112719
0.4682
0.0387577
0.400265
0.256931
0.239748
0.447583
0.534257
0.261846
0.845385
0.389272
0.499276
0.335869
0.958547
0.305781
0.261783
0.787636
0.794129
0.928771
0.85324
0.400877
0.53383
0.0878124
0.863422
0.526288
0.314499
0.780463
0.239359
0.905373
0.59793
0.416522
0.485758
0.132942
0.3552
0.847328
0.0432875
0.533511
0.710901
0.114523
0.779806
0.207614
0.36918
0.804372
0.0779179
0.565824
0.803302
0.0989241
0.618154
0.32218
0.880415
0.139052
0.053694
0.435575
0.708927
0.933425
0.0701542
0.0809486
0.50277
0.0552084
0.887765
0.670512
0.290973
0.374733
0.143107
0.205342
0.180912
0.585546
0.267008
0.600712
0.165453
0.762624
0.424191
0.383563
0.543105
0.973654
0.210715
0.490717
0.484354
0.532721
0.443499
0.888382
0.0367257
0.248275
0.758508
0.250443
0.197708
0.878224
0.308793
0.877253
0.993356
0.338756
0.468309
0.874988
0.927657
0.13323
0.19235
0.829592
0.957513
0.916747
0.764122
0.591306
0.0812148
0.976792
0.947178
0.226251
0.604927
0.00991154
0.58319
0.668413
0.00938682
0.764272
0.126439
0.0646257
0.163968
0.815211
0.255328
0.302481
0.796085
0.800007
0.718784
0.601626
0.524217
0.516512
0.0214691
0.831155
0.214958
0.801354
0.35327
0.407959
0.564431
0.390045
0.493444
0.31475
0.00861972
0.871714
0.902662
0.0384514
0.252698
0.0913757
0.751629
0.624165
0.334099
0.206855
0.613364
0.808829
0.987933
0.189658
0.588639
0.250128
0.903373
0.984528
0.954066
0.98791
0.809195
0.142144
0.00860026
0.544509
0.570815
0.691141
0.00798231
0.158714
0.505967
0.78285
0.358016
0.18272
0.972771
0.353973
0.22825
0.190468
0.197842
0.12609
0.19769
0.571078
0.108297
0.146384
0.268929
0.888524
0.415042
0.609025
0.881844
0.145783
0.169649
0.290561
0.461991
0.681739
0.981644
0.489439
0.997127
0.719214
0.83186
0.0790374
0.381316
0.772844
0.188093
0.280064
0.0291512
0.944654
0.806563
0.902488
0.114293
0.920452
0.0304493
0.761488
0.334018
0.832271
0.973943
0.0680652
0.972013
0.615916
0.691948
0.568959
0.498826
0.760288
0.167287
0.60053
0.114687
0.543579
0.935968
0.810238
0.677359
0.369069
0.937047
0.950894
0.66958
0.633726
0.032681
0.270052
0.759019
0.832159
0.0923982
0.93688
0.140898
0.0790497
0.587634
0.372015
0.455597
0.214841
0.839064
0.146724
0.996736
0.134154
0.726144
0.294574
0.912216
0.615889
0.242472
0.222248
0.329567
0.0245619
0.812076
0.5555
0.295333
0.664025
0.264084
0.462532
0.769546
0.767404
0.766255
0.440014
0.314418
0.421923
0.252404
0.155519
0.81478
0.0156158
0.455399
0.893236
0.623322
0.180721
0.376946
0.325389
0.819956
0.994918
0.580001
0.0696948
0.36112
0.338537
0.788264
0.360088
0.993502
0.796048
0.176879
0.81163
0.0614779
0.259363
0.121837
0.710013
0.185856
0.685066
0.900818
0.039588
0.356051
0.152303
0.760153
0.896576
0.75283
0.808927
0.628904
0.980774
0.867754
0.340589
0.275575
0.595043
0.892837
0.910826
0.2452
0.0710214
0.656192
0.614074
0.736865
0.4947
0.415925
0.457651
0.739625
0.876949
0.884342
0.128345
0.092007
0.362119
0.138911
0.671191
0.702108
0.336744
0.660265
0.0677411
0.525447
0.180702
0.0580994
0.4759
0.459129
0.588543
0.642748
0.672444
0.763455
0.389972
0.252691
0.971507
0.118866
0.77305
0.648679
0.343847
0.0344662
0.273487
0.495929
0.0859066
0.832244
0.532309
0.522218
0.919286
0.447621
0.169508
0.921034
0.818177
0.10318
0.150403
0.815105
0.475956
0.39712
0.392452
0.940614
0.890755
0.916859
0.648453
0.549944
0.907824
0.793105
0.716628
0.372666
0.396039
0.231198
0.740934
0.87289
0.654078
0.0859261
0.159927
0.887961
0.961453
0.14166
0.879084
0.77168
0.63207
0.205008
0.564396
0.807263
0.663588
0.920038
0.0851962
0.892148
0.325811
0.90815
0.270421
0.963812
0.779825
0.525466
0.51337
0.203322
0.235726
0.841637
0.392736
0.721922
0.350901
0.58711
0.562998
0.308926
0.110813
0.431177
0.786052
0.170809
0.784106
0.470884
0.149207
0.715033
0.551558
0.0283924
0.19114
0.48313
0.960468
0.581266
0.339356
0.555654
0.877824
0.582592
0.619065
0.622513
0.573177
0.386995
0.219401
0.467233
0.787341
0.840875
0.58342
0.53406
0.942933
0.878643
0.3515
0.655132
0.799035
0.37432
0.189472
0.45903
0.919405
0.447133
0.969774
0.99117
0.588481
0.608063
0.719162
0.961834
0.549281
0.760069
0.472279
0.585379
0.463156
0.267345
0.269539
0.142312
0.832018
0.722347
0.480034
0.936783
0.518249
0.217896
0.180578
0.981513
0.291497
0.187781
0.0317395
0.446111
0.793617
0.321346
0.856915
0.178737
0.0360413
0.745641
0.988216
0.951464
0.256616
0.951917
0.861789
0.0875534
0.510763
0.390798
0.147744
0.133643
0.14197
0.0970187
0.593489
0.767642
0.751763
0.874786
0.524298
0.873753
0.173151
0.150524
0.862186
0.762899
0.0364038
0.838258
0.604765
0.293449
0.000765248
0.861527
0.676447
0.0510718
0.363497
0.301739
0.330526
0.146413
0.763383
0.182903
0.0480875
0.20706
0.0503688
0.549257
0.354412
0.605644
0.0503189
0.709518
0.875896
0.176993
0.725764
0.916013
0.431039
0.477852
0.257103
0.128852
0.622076
0.238946
0.958046
0.871076
0.172905
0.0193518
0.246101
0.226762
0.188318
0.0536884
0.341385
0.651647
0.223372
0.215816
0.227246
0.328963
0.873252
0.750898
0.338268
0.26197
0.927231
0.96707
0.537401
0.105562
0.174768
0.325181
0.317875
0.517782
0.355267
0.977863
0.93986
0.233512
0.639758
0.407501
0.87219
0.896515
0.735261
0.528788
0.336122
0.207922
0.53708
0.705101
0.628664
0.962286
0.132743
0.00988113
0.0720886
0.593158
0.203821
0.617407
0.762
0.934963
0.915306
0.554876
0.803545
0.182911
0.192914
0.313829
0.526856
0.869948
0.212141
0.445386
0.610942
0.101104
0.255886
0.669033
0.431708
0.715978
0.444769
0.234757
0.564659
0.23093
0.241429
0.693881
0.0646627
0.786681
0.750863
0.748394
0.258877
0.954097
0.506626
0.870718
0.151688
0.422044
0.291471
0.747767
0.714215
0.803687
0.5659
0.0817239
0.533542
0.236324
0.903929
0.343112
0.684221
0.697663
0.629346
0.418227
0.148591
0.367508
0.706493
0.0301268
0.340319
0.738926
0.137693
0.200563
0.858055
0.322827
0.751156
0.679868
0.534564
0.423665
0.541253
0.834683
0.524585
0.705167
0.738217
0.206048
0.0548758
0.297734
0.0161038
0.655963
0.766106
0.947182
0.292752
0.281513
0.388334
0.733361
0.591629
0.505593
0.502376
0.439938
0.0461861
0.249505
0.432364
0.736242
0.0150268
0.555308
0.06352
0.581327
0.357942
0.935705
0.399297
0.979961
0.20948
0.722695
0.335888
0.272166
0.288027
0.878254
0.815722
0.842867
0.0612855
0.0251007
0.867811
0.299405
0.101539
0.558671
0.579149
0.757848
0.154076
0.553998
0.05152
0.896049
0.89824
0.717715
0.635084
0.853169
0.203458
0.51532
0.984727
0.310538
0.204498
0.996909
0.0482713
0.295408
0.913872
0.454237
0.36567
0.819664
0.0969174
0.891434
0.32409
0.973108
0.0200454
0.903807
0.286788
0.0511506
0.688494
0.517734
0.555968
0.155098
0.72391
0.754189
0.654568
0.324761
0.252581
0.121846
0.872629
0.278018
0.65245
0.733259
0.877247
0.890025
0.645339
0.21124
0.317296
0.801822
0.215093
0.0622823
0.778735
0.207066
0.166442
0.386192
0.736946
0.84575
0.521217
0.0932108
0.594599
0.419609
0.370759
0.346353
0.150351
0.942066
0.304151
0.867824
0.511586
0.222513
0.774561
0.0428756
0.610422
0.356576
0.980589
0.752859
0.300908
0.357342
0.842538
0.532347
0.154667
0.487946
0.913708
0.686669
0.841489
0.910024
0.778617
0.208173
0.757661
0.00887725
0.200002
0.429479
0.250233
0.663007
0.151587
0.721076
0.131671
0.998251
0.611843
0.237842
0.414262
0.498925
0.433707
0.314073
0.619312
0.768595
0.768748
0.35127
0.795988
0.17339
0.167972
0.102671
0.598098
0.239423
0.982101
0.17221
0.329934
0.194958
0.651163
0.103178
0.104493
0.21444
0.0951363
0.955446
0.179837
0.526026
0.927036
0.69643
0.895736
0.641416
0.284637
0.896667
0.273908
0.572666
0.790088
0.00986367
0.778647
0.715329
0.53787
0.989361
0.187201
0.27923
0.0244661
0.201182
0.264105
0.807471
0.166021
0.316375
0.312169
0.623236
0.721596
0.866338
0.535935
0.46531
0.469476
0.486179
0.212582
0.859901
0.354522
0.448824
0.383267
0.563343
0.109815
0.656309
0.584777
0.346533
0.181644
0.895094
0.846333
0.31962
0.852446
0.0566431
0.00122373
0.567284
0.335737
0.739646
0.238238
0.0632556
0.136833
0.758047
0.4961
0.951829
0.391809
0.134033
0.696727
0.88842
0.674144
0.34343
0.0339746
0.0104376
0.425359
0.00915437
0.85756
0.0141185
0.28913
0.401666
0.795011
0.741411
0.900271
0.858772
0.375216
0.261838
0.719099
0.895523
0.0517973
0.557341
0.226404
0.18035
0.149856
0.626564
0.667325
0.724202
0.663717
0.098297
0.0770056
0.232237
0.206478
0.283968
0.648037
0.56253
0.444418
0.339028
0.0442466
0.652035
0.758649
0.609663
0.606255
0.324573
0.0978103
0.897135
0.145279
0.703091
0.842886
0.380046
0.427674
0.916979
0.660628
0.178351
0.547371
0.659323
0.238901
0.217389
0.660957
0.707634
0.205467
0.285822
0.805205
0.0740175
0.0123429
0.446722
0.0547463
0.120767
0.728029
0.990752
0.562711
0.477958
0.0434013
0.445156
0.73642
0.0037059
0.28508
0.334723
0.683155
0.781195
0.537066
0.468024
0.085986
0.165866
0.702947
0.424725
0.360416
0.517643
0.0338175
0.370682
0.0447962
0.890031
0.754564
0.952612
0.545173
0.723063
0.514658
0.856687
0.333399
0.443055
0.427082
0.960248
0.891939
0.820639
0.473587
0.581585
0.705177
0.915507
0.931563
0.782239
0.0991725
0.792333
0.738411
0.467797
0.269614
0.394233
0.879685
0.860896
0.0724371
0.449614
0.667613
0.568795
0.738418
0.593184
0.636517
0.9471
0.913448
0.324806
0.0175612
0.151411
0.759242
0.576513
0.453304
0.679967
0.206214
0.84291
0.793231
0.833661
0.344359
0.635693
0.0918831
0.278654
0.332791
0.222764
0.991839
0.837705
0.316313
0.273414
0.270304
0.0052078
0.527578
0.00434981
0.107305
0.472789
0.166633
0.597117
0.745287
0.041287
0.910841
0.507704
0.979973
0.414303
0.198149
0.282775
0.604768
0.339398
0.259119
0.0203731
0.411372
0.927523
0.87288
0.500681
0.945278
0.295612
0.345375
0.7236
0.541608
0.804607
0.0232298
0.422516
0.224247
0.923677
0.24637
0.742804
0.306672
0.237149
0.768358
0.797883
0.0236999
0.323666
0.855956
0.054726
0.780304
0.57117
0.648026
0.364672
0.0375963
0.880878
0.910261
0.763506
0.251459
0.27472
0.227348
0.032137
0.126708
0.581114
0.779977
0.0681755
0.825359
0.81645
0.0770863
0.5894
0.0427826
0.0472844
0.708764
0.196403
0.93796
0.298881
0.295934
0.762475
0.919041
0.321418
0.0799187
0.194277
0.212925
0.625806
0.926105
0.046634
0.777658
0.104627
0.47324
0.742323
0.229906
0.0290123
0.609485
0.613639
0.431294
0.757131
0.0942905
0.740106
0.965259
0.110716
0.805068
0.785196
0.7862
0.670246
0.823665
0.342186
0.113988
0.79274
0.576263
0.244071
0.105983
0.262594
0.418408
0.188235
0.671356
0.479554
0.861614
0.143821
0.202509
0.560961
0.0736236
0.392635
0.0232168
0.205522
0.207533
0.0105142
0.712812
0.238379
0.444272
0.87812
0.565218
0.625735
0.728467
0.345066
0.517624
0.70954
0.233968
0.293876
0.180465
0.0768488
0.597685
0.298545
0.642384
0.547379
0.791236
0.308321
0.945095
0.208931
0.499421
0.762553
0.222828
0.0700074
0.614938
0.261104
0.374238
0.817697
0.0416755
0.440952
0.0866103
0.659469
0.700827
0.79633
0.915949
0.362333
0.729805
0.839147
0.536038
0.190273
0.924134
0.921612
0.536258
0.890095
0.835025
0.270416
0.882323
0.208375
0.162852
0.048196
0.0308462
0.432678
0.013093
0.0533044
0.887745
0.328468
0.563479
0.399732
0.297742
0.145998
0.788633
0.547639
0.163422
0.630591
0.347128
0.18783
0.851066
0.874076
0.603587
0.486356
0.193466
0.578036
0.0428235
0.735121
0.170351
0.0813543
0.322105
0.613076
0.961943
0.37266
0.302412
0.644638
0.434464
0.0413613
0.159617
0.67718
0.365183
0.629353
0.53855
0.410546
0.0437314
0.993621
0.793635
0.618849
0.00285618
0.00384979
0.703506
0.826637
0.283766
0.25846
0.941099
0.0461916
0.342842
0.152025
0.0853142
0.8765
0.337381
0.370776
0.63542
0.498556
0.224641
0.546774
0.625737
0.769133
0.815413
0.642878
0.855625
0.492533
0.00580855
0.624291
0.457918
0.22181
0.962832
0.319179
0.434848
0.487175
0.945007
0.731751
0.531135
0.79162
0.762328
0.450549
0.382274
0.872061
0.732117
0.696874
0.365724
0.724839
0.362881
0.936183
0.422397
0.233485
0.182659
0.942985
0.743347
0.43556
0.46476
0.21751
0.695312
0.114133
0.230497
0.966513
0.189829
0.449075
0.601703
0.825766
0.645294
0.453366
0.724044
0.00484149
0.370918
0.0140803
0.646968
0.594611
0.622719
0.0394369
0.815674
0.0385742
0.317411
0.732955
0.769704
0.408718
0.322837
0.924596
0.688791
0.50411
0.569239
0.196001
0.189212
0.0803252
0.0261573
0.625866
0.935315
0.844415
0.0839554
0.039139
0.808504
0.5294
0.633167
0.634252
0.881018
0.262571
0.0241862
0.498309
0.0756717
0.813759
0.843098
0.950647
0.518145
0.466308
0.234365
0.976774
0.640072
0.683444
0.652084
0.578735
0.796794
0.709941
0.978647
0.112783
0.535474
0.715389
0.542448
0.916771
0.175147
0.692864
0.961526
0.364421
0.816953
0.524799
0.294081
0.627112
0.871831
0.869922
0.771492
0.473301
0.764486
0.722726
0.862118
0.609965
0.678681
0.595824
0.0192313
0.220637
0.247191
0.530933
0.399547
0.180342
0.0142248
0.0766958
0.0270909
0.317416
0.807493
0.535598
0.793807
0.506694
0.999765
0.0560812
0.557034
0.0768022
0.81497
0.204353
0.554111
0.947685
0.739823
0.200096
0.0130272
0.948597
0.0658729
0.12603
0.180058
0.238637
0.770673
0.70433
0.676117
0.501362
0.391774
0.545349
0.687378
0.767295
0.928521
0.657367
0.361897
0.408495
0.579086
0.6921
0.127313
0.754854
0.828455
0.850262
0.350001
0.464147
0.911129
0.3444
0.333046
0.50342
0.979677
0.435496
0.381919
0.912218
0.654144
0.19918
0.621063
0.211411
0.190818
0.0845784
0.509584
0.586069
0.0648565
0.0429595
0.0206864
0.676773
0.526016
0.754731
0.760486
0.488963
0.000111925
0.881138
0.29122
0.539637
0.687059
0.400417
0.811067
0.596909
0.244482
0.00481048
0.849775
0.175843
0.399774
0.999626
0.717914
0.985138
0.20877
0.794807
0.32834
0.4024
0.133368
0.511335
0.00237026
0.8369
0.785436
0.827636
0.0740518
0.589178
0.307859
0.189413
0.47009
0.804496
0.158621
0.939104
0.52305
0.905697
0.0503584
0.373539
0.0679928
0.75495
0.437557
0.019504
0.804244
0.93127
0.855141
0.353109
0.70614
0.0892081
0.320717
0.294901
0.409051
0.918316
0.129305
0.225105
0.333228
0.571161
0.504185
0.831663
0.76738
0.350103
0.181205
0.512621
0.618458
0.420089
0.438705
0.311402
0.742026
0.227612
0.46788
0.667356
0.253969
0.456597
0.0225563
0.104435
0.246537
0.553801
0.734039
0.000722094
0.136241
0.806545
0.594653
0.338472
0.696314
0.94481
0.427739
0.0123417
0.426381
0.188035
0.302534
0.696337
0.328702
0.487785
0.209001
0.674002
0.953797
0.469583
0.281806
0.321929
0.655788
0.830239
0.834405
0.846264
0.150775
0.0784
0.668589
0.979971
0.378678
0.438137
0.767349
0.829368
0.182933
0.556903
0.87328
0.219181
0.770283
0.150818
0.799224
0.561953
0.741356
0.973128
0.366237
0.346328
0.73261
0.981086
0.114474
0.958382
0.527522
0.0569835
0.721126
0.959748
0.485464
0.188563
0.173701
0.384583
0.694594
0.0363702
0.274306
0.254827
0.885142
0.589559
0.719933
0.915399
0.110117
0.729729
0.561327
0.22983
0.753713
0.658445
0.481993
0.850947
0.868562
0.913837
0.866939
0.63851
0.440681
0.532368
0.505171
0.407788
0.698062
0.332827
0.822217
0.997184
0.671754
0.164518
0.0471964
0.230222
0.340542
0.491702
0.0332585
0.974977
0.430912
0.344235
0.556837
0.761521
0.881762
0.767449
0.523628
0.614848
0.752657
0.912489
0.203503
0.273899
0.416381
0.111997
0.327185
0.994162
0.886365
0.141879
0.55542
0.937669
0.409302
0.142027
0.0481965
0.0385709
0.260475
0.795546
0.740985
0.729008
0.441185
0.996516
0.439208
0.763294
0.687886
0.305183
0.211598
0.326218
0.753264
0.113762
0.00192036
0.275509
0.472186
0.0348343
0.459645
0.252122
0.422703
0.36277
0.0759408
0.337071
0.160058
0.0914518
0.0310914
0.553308
0.447777
0.789072
0.934103
0.475569
0.888836
0.672437
0.644361
0.779449
0.206503
0.69245
0.999814
0.871112
0.770754
0.0594503
0.181059
0.0516895
0.744816
0.126973
0.0325726
0.448503
0.996518
0.471444
0.567444
0.0262084
0.485076
0.679849
0.219107
0.530039
0.357531
0.023816
0.275547
0.117243
0.510871
0.205906
0.654646
0.631177
0.197866
0.540254
0.0459005
0.449123
0.414628
0.65582
0.37011
0.442569
0.256994
0.295525
0.895204
0.692221
0.164642
0.145712
0.983508
0.818004
0.186175
0.0436947
0.377443
0.692036
0.0562277
0.0193197
0.706481
0.827807
0.956958
0.585742
0.573132
0.634708
0.544129
0.172453
0.41936
0.18848
0.788511
0.51146
0.108618
0.549521
0.800956
0.668439
0.458519
0.323321
0.0490641
0.619746
0.0774217
0.226037
0.00471898
0.311988
0.578927
0.0212264
0.752505
0.34897
0.132534
0.506219
0.0243194
0.736149
0.464662
0.577166
0.42722
0.283443
0.832047
0.21569
0.0960477
0.273873
0.987965
0.733474
0.491848
0.485941
0.207789
0.316019
0.333128
0.883068
0.724047
0.0529032
0.144475
0.186364
0.217428
0.318216
0.251082
0.940425
0.723901
0.597803
0.266485
0.819213
0.505645
0.366908
0.630168
0.232497
0.577678
0.0324772
0.8438
0.751512
0.667392
0.861694
0.497384
0.53143
0.745829
0.15529
0.953579
0.795533
0.524852
0.181451
0.644607
0.914473
0.539179
0.986405
0.503765
0.777162
0.762054
0.847204
0.959892
0.911231
0.0629221
0.532104
0.0756729
0.834295
0.998254
0.659012
0.0160914
0.447539
0.78327
0.421847
0.981089
0.157213
0.286243
0.888186
0.745354
0.163009
0.695865
0.396113
0.468782
0.811373
0.742488
0.999439
0.569178
0.176061
0.053123
0.839131
0.282315
0.86672
0.955194
0.942985
0.755188
0.452234
0.695612
0.15516
0.772143
0.399382
0.409002
0.08883
0.965291
0.639426
0.840346
0.702737
0.895863
0.760969
0.611498
0.441234
0.819936
0.661436
0.754848
0.726916
0.278998
0.126551
0.937335
0.788991
0.567917
0.976195
0.912583
0.788108
0.729864
0.825966
0.00420716
0.709744
0.660618
0.00981026
0.881103
0.698709
0.208311
0.0749316
0.37488
0.601824
0.853789
0.637722
0.193691
0.356779
0.38077
0.607993
0.544346
0.824456
0.634366
0.788766
0.782271
0.621919
0.595816
0.884696
0.0860589
0.391702
0.335166
0.130736
0.271929
0.317272
0.392213
0.921875
0.946535
0.406781
0.768162
0.499507
0.212114
0.994259
0.509758
0.499122
0.744981
0.899934
0.18629
0.97021
0.324759
0.231332
0.996752
0.404179
0.0429101
0.189401
0.259068
0.151114
0.772318
0.355597
0.520028
0.109156
0.586371
0.144178
0.199002
0.630396
0.0710416
0.995864
0.485617
0.763454
0.369075
0.0467963
0.505297
0.523013
0.284526
0.0276513
0.734722
0.465672
0.552083
0.865897
0.13536
0.990531
0.854835
0.214683
0.176721
0.148105
0.200653
0.366877
0.0983896
0.634406
0.462851
0.131963
0.90832
0.131679
0.126854
0.0407773
0.344497
0.95323
0.93017
0.371057
0.351206
0.724339
0.967135
0.642414
0.0574074
0.845814
0.595957
0.256892
0.584258
0.631675
0.566102
0.478697
0.458183
0.681581
0.32449
0.700373
0.167373
0.0369744
0.428785
0.58881
0.122531
0.376226
0.227458
0.890884
0.0883164
0.333925
0.269008
0.221526
0.194194
0.818712
0.0896131
0.127193
0.736183
0.0236841
0.0582974
0.804174
0.745066
0.330281
0.0324507
0.398895
0.22287
0.771641
0.977645
0.278239
0.358565
0.400532
0.73273
0.990796
0.308478
0.582253
0.918948
0.757577
0.593705
0.405612
0.119514
0.674728
0.15837
0.732556
0.0665279
0.134702
0.942852
0.507706
0.00868843
0.0264482
0.514076
0.0701093
0.327762
0.700652
0.865816
0.775019
0.749885
0.315758
0.942003
0.23935
0.757133
0.140685
0.496114
0.193609
0.988698
0.0492518
0.775252
0.666685
0.980288
0.692759
0.201673
0.514303
0.892993
0.538834
0.187542
0.0265559
0.32534
0.991957
0.823083
0.559334
0.720338
0.71847
0.33246
0.656047
0.188502
0.150951
0.0264289
0.191089
0.63713
0.251721
0.668358
0.0946956
0.548359
0.265618
0.247757
0.0586302
0.398228
0.00989745
0.346426
0.387246
0.43718
0.680481
0.851973
0.111321
0.970239
0.799797
0.180459
0.972993
0.0912367
0.415919
0.355133
0.726138
0.202834
0.0262635
0.410302
0.945625
0.124691
0.689984
0.567571
0.159865
0.843031
0.825207
0.252672
0.665371
0.886744
0.515267
0.0901184
0.620588
0.226934
0.0762791
0.0236644
0.727696
0.384927
0.465046
0.0314083
0.878808
0.124946
0.964192
0.168271
0.13887
0.980928
0.463808
0.214143
0.0945794
0.595703
0.98209
0.986686
0.226666
0.570795
0.349786
0.855815
0.676981
0.0218128
0.607023
0.234146
0.284739
0.60928
0.161936
0.6629
0.363856
0.333358
0.741554
0.300517
0.788404
0.704664
0.294848
0.504839
0.8315
0.0240103
0.540763
0.603221
0.340528
0.251495
0.875465
0.936428
0.541063
0.652184
0.26149
0.86816
0.165871
0.802162
0.929266
0.169086
0.825366
0.924086
0.116287
0.429396
0.858047
0.195101
0.0544536
0.201009
0.364411
0.662351
0.127332
0.0665468
0.452406
0.587824
0.550155
0.452144
0.179684
0.943285
0.79926
0.162079
0.058951
0.789234
0.658353
0.938093
0.523018
0.362257
0.460963
0.406782
0.778782
0.996285
0.568536
0.382488
0.474899
0.626738
0.584525
0.119355
0.991512
0.34847
0.737079
0.0793489
0.616726
0.318533
0.590349
0.992563
0.00878191
0.597553
0.0673565
0.0605134
0.0484953
0.0597268
0.827676
0.746501
0.447473
0.672747
0.867398
0.363896
0.996744
0.279091
0.674442
0.349536
0.654009
0.932358
0.147643
0.441496
0.225258
0.914702
0.389816
0.630473
0.367127
0.311269
0.504999
0.518551
0.287427
0.782848
0.328965
0.91445
0.165815
0.844684
0.596264
0.413968
0.568226
0.180261
0.649431
0.991048
0.548585
0.0728105
0.725564
0.556849
0.965453
0.361907
0.57533
0.570115
0.930753
0.172176
0.754054
0.38143
0.700346
0.70917
0.0256298
0.759592
0.458186
0.731849
0.191703
0.953357
0.0771703
0.000940301
0.803639
0.75638
0.470607
0.497041
0.759929
0.124728
0.299674
0.624343
0.325674
0.605608
0.458536
0.611206
0.535063
0.805918
0.0638743
0.536098
0.199429
0.801151
0.938672
0.260219
0.495989
0.089388
0.344365
0.73551
0.724833
0.268933
0.956574
0.13611
0.597301
0.844741
0.556912
0.0197741
0.343499
0.190704
0.163987
0.136374
0.0400025
0.322482
0.962899
0.436362
0.927954
0.124497
0.416738
0.123822
0.0791469
0.222406
0.985202
0.295297
0.0543975
0.259615
0.341565
0.67617
0.396213
0.159395
0.946679
0.826162
0.307686
0.283968
0.644695
0.395895
0.800946
0.495422
0.552636
0.156463
0.670598
0.734429
0.54669
0.210706
0.342423
0.106344
0.323076
0.940799
0.0147675
0.198063
0.846887
0.629853
0.942145
0.636716
0.28086
0.407375
0.745875
0.921006
0.347695
0.709046
0.936459
0.0624248
0.173479
0.665634
0.305348
0.988159
0.987318
0.853419
0.421065
0.834737
0.426042
0.490681
0.870438
0.445544
0.250815
0.454734
0.709089
0.651781
0.484723
0.744323
0.829041
0.69808
0.63883
0.818195
0.409677
0.433262
0.830733
0.132423
0.627671
0.272107
0.301874
0.590797
0.522704
0.0916439
0.258303
0.291787
0.0579895
0.629621
0.0372175
0.515011
0.783377
0.217302
0.196604
0.329784
0.671658
0.552888
0.391249
0.71546
0.729426
0.463872
0.300732
0.406472
0.571821
0.590456
0.791626
0.863218
0.104176
0.890482
0.330912
0.634575
0.299745
0.817872
0.969904
0.172848
0.0623043
0.147678
0.0299373
0.156935
0.612062
0.917284
0.800753
0.25147
0.454829
0.306466
0.777417
0.0421939
0.153548
0.687732
0.705928
0.539089
0.464638
0.164701
0.122709
0.371753
0.0527945
0.316744
0.50901
0.92851
0.459657
0.454293
0.306846
0.159453
0.926149
0.780348
0.313759
0.347978
0.464458
0.138064
0.434665
0.414738
0.497827
0.97239
0.955595
0.693393
0.859755
0.910339
0.066049
0.0855399
0.668493
0.368804
0.48346
0.504089
0.21659
0.234805
0.368999
0.764031
0.0672068
0.54389
0.151953
0.879138
0.667205
0.711941
0.588395
0.147091
0.165636
0.849524
0.953204
0.501559
0.704089
0.625736
0.749864
0.969378
0.342575
0.659
0.819595
0.928292
0.800446
0.0929847
0.794059
0.748922
0.137064
0.63174
0.650493
0.828471
0.109205
0.409259
0.421837
0.809394
0.481217
0.816685
0.0215921
0.8977
0.63638
0.631074
0.461954
0.0642303
0.518622
0.473912
0.0430684
0.851415
0.7331
0.211773
0.27629
0.607127
0.98391
0.582648
0.557979
0.947881
0.0324702
0.726021
0.239339
0.562899
0.635859
0.883228
0.414635
0.7714
0.920166
0.221967
0.602142
0.202087
0.484468
0.447114
0.638781
0.995034
0.528195
0.376684
0.927158
0.739926
0.938372
0.213463
0.668683
0.553424
0.393295
0.110138
0.0831212
0.0186132
0.832548
0.64177
0.230283
0.365092
0.103548
0.325987
0.863747
0.989962
0.291317
0.167546
0.941606
0.57425
0.414457
0.780592
0.412116
0.426117
0.747478
0.866147
0.326208
0.58225
0.881554
0.270025
0.311476
0.975282
0.557654
0.487736
0.379194
0.116939
0.388301
0.172046
0.569925
0.73628
0.656265
0.840904
0.0743834
0.162586
0.576005
0.918719
0.905837
0.402808
0.00189895
0.915738
0.811603
0.613778
0.771731
0.474986
0.0878663
0.768807
0.343771
0.760592
0.262324
0.884452
0.979884
0.907313
0.202428
0.211171
0.145916
0.409532
0.0109144
0.438387
0.973545
0.36669
0.951688
0.0251541
0.764588
0.425322
0.381777
0.525387
0.180281
0.977254
0.71438
0.588716
0.550886
0.746838
0.100287
0.523292
0.968303
0.263881
0.0514477
0.682273
0.965752
0.399506
0.503424
0.0478528
0.261169
0.459881
0.213518
0.589549
0.552652
0.426715
0.80196
0.54181
0.194395
0.196181
0.222086
0.603986
0.200614
0.724989
0.895157
0.908301
0.813631
0.69422
0.751694
0.720435
0.358236
0.866756
0.571943
0.646842
0.476999
0.91723
0.884989
0.0148793
0.0760787
0.65453
0.682967
0.627802
0.463005
0.727211
0.233481
0.123335
0.886551
0.255005
0.867561
0.0891002
0.506878
0.0971214
0.319579
0.163741
0.994362
0.244081
0.272975
0.88438
0.769168
0.4061
0.325901
0.411713
0.65259
0.080285
0.34992
0.103282
0.857451
0.179766
0.330807
0.870644
0.91844
0.223539
0.0272205
0.494579
0.384012
0.0909421
0.463455
0.295099
0.723096
0.0685536
0.180567
0.788867
0.488842
0.962775
0.358742
0.380562
0.113246
0.318118
0.60191
0.297708
0.570408
0.842004
0.554218
0.73947
0.264116
0.99377
0.29153
0.745464
0.0199092
0.614555
0.826068
0.716382
0.231656
0.436955
0.899171
0.369632
0.399902
0.159
0.309041
0.0495845
0.366669
0.603282
0.357439
0.48246
0.697399
0.182669
0.119289
0.895101
0.956654
0.476282
0.865067
0.188903
0.888202
0.0159741
0.476648
0.0166954
0.600375
0.494317
0.982118
0.451228
0.783619
0.280299
0.987017
0.787959
0.218445
0.402053
0.301157
0.55161
0.91627
0.758591
0.640117
0.441984
0.426049
0.602167
0.62623
0.0433582
0.721945
0.724031
0.782698
0.802339
0.912615
0.321624
0.529344
0.685174
0.72505
0.919551
0.889391
0.994253
0.409987
0.655399
0.288334
0.028052
0.469547
0.678503
0.599992
0.0639214
0.32617
0.939142
0.158426
0.66949
0.112835
0.425849
0.243395
0.737532
0.70768
0.972678
0.803656
0.0393341
0.0877998
0.651859
0.796798
0.791429
0.550097
0.475397
0.000647817
0.887865
0.345496
0.745315
0.514579
0.527041
0.983958
0.388051
0.980219
0.535983
0.258896
0.269656
0.110244
0.877309
0.925007
0.597056
0.725863
0.586692
0.539599
0.0347702
0.383464
0.885488
0.401664
0.75908
0.851426
0.916237
0.196016
0.440829
0.020214
0.737266
0.227608
0.401998
0.382256
0.568367
0.539786
0.187952
0.906005
0.224958
0.870614
0.416895
0.755924
0.815753
0.359525
0.52837
0.310445
0.65627
0.928583
0.692224
0.20901
0.833433
0.510079
0.905601
0.443644
0.323322
0.0733728
0.176116
0.987552
0.793347
0.779758
0.399221
0.699505
0.575037
0.647141
0.505104
0.289987
0.813471
0.00268442
0.117125
0.516501
0.825966
0.0172068
0.19401
0.721058
0.827679
0.807484
0.389918
0.349418
0.669226
0.68621
0.126724
0.85074
0.388316
0.42713
0.781054
0.180546
0.440014
0.323473
0.611143
0.487762
0.813722
0.226474
0.351394
0.88602
0.339714
0.569264
0.620402
0.0888493
0.290132
0.246861
0.994849
0.435112
0.932819
0.880957
0.245338
0.400172
0.696557
0.0247749
0.392076
0.622855
0.326654
0.0765702
0.915959
0.525215
0.294252
0.497112
0.962584
0.142018
0.90272
0.0141649
0.0687456
0.406894
0.663576
0.715653
0.975859
0.259159
0.677616
0.691745
0.15127
0.393659
0.227744
0.699828
0.00839213
0.0465685
0.677169
0.181623
0.54207
0.571323
0.230352
0.520945
0.524865
0.409206
0.52578
0.784954
0.716668
0.0457806
0.435046
0.822538
0.40418
0.0519104
0.457857
0.205188
0.598766
0.454641
0.158661
0.621337
0.80358
0.777238
0.0410083
0.226391
0.959224
0.68119
0.753791
0.966497
0.918676
0.190867
0.89971
0.433295
0.391586
0.393397
0.81627
0.0578609
0.467641
0.644008
0.833991
0.894984
0.997338
0.254096
0.583867
0.045676
0.675851
0.0215952
0.951068
0.592557
0.103766
0.997204
0.00402221
0.601313
0.27115
0.221573
0.973606
0.403957
0.31244
0.176531
0.959822
0.731132
0.137537
0.583597
0.515531
0.526402
0.237344
0.0365562
0.399758
0.738985
0.114956
0.0610926
0.783426
0.0474999
0.330557
0.675546
0.901702
0.903131
0.924857
0.0672138
0.661997
0.188714
0.719055
0.156346
0.702321
0.901475
0.0973947
0.913079
0.111585
0.403697
0.93141
0.21656
0.723774
0.477584
0.758913
0.0481927
0.974356
0.992923
0.0538773
0.516652
0.373825
0.881061
0.99544
0.354206
0.136284
0.532675
0.670637
0.400265
0.255554
0.0890975
0.461047
0.811834
0.494812
0.308568
0.10942
0.0190861
0.779702
0.452598
0.809415
0.844502
0.537735
0.709438
0.519523
0.626006
0.278585
0.17895
0.606658
0.0991878
0.048756
0.442501
0.120574
0.482536
0.98
0.858466
0.230701
0.396021
0.917055
0.945655
0.630862
0.896433
0.341784
0.357147
0.564111
0.0105827
0.863226
0.240934
0.381792
0.778312
0.0869801
0.874452
0.910694
0.0275275
0.654911
0.0876998
0.971342
0.345239
0.438621
0.900519
0.0303439
0.989363
0.232648
0.119166
0.824572
0.582498
0.0434523
0.303466
0.354107
0.483786
0.986398
0.384882
0.71816
0.11721
0.9517
0.225556
0.921191
0.455202
0.577055
0.563268
0.849206
0.601697
0.72432
0.652484
0.29718
0.701034
0.27591
0.221945
0.221765
0.202508
0.554598
0.133402
0.0855085
0.14066
0.0657579
0.193715
0.763241
0.795798
0.970402
0.538948
0.0909311
0.279708
0.0509086
0.621341
0.880756
0.871367
0.0650905
0.975342
0.576952
0.837726
0.660752
0.25147
0.460534
0.197514
0.613697
0.39814
0.540864
0.308978
0.00145365
0.431467
0.671717
0.555822
0.695724
0.0262882
0.826532
0.519812
0.482542
0.0799505
0.727558
0.066271
0.816855
0.887444
0.273424
0.437656
0.677732
0.636183
0.320121
0.269142
0.47707
0.121661
0.761358
0.140333
0.579481
0.335764
0.187988
0.511969
0.669743
0.368291
0.862009
0.792048
0.949714
0.83598
0.307938
0.513964
0.188431
0.960435
0.0242477
0.531898
0.613663
0.830634
0.472771
0.855855
0.363088
0.413548
0.503198
0.256611
0.857374
0.885308
0.375261
0.0171692
0.56257
0.120773
0.834679
0.456191
0.196436
0.503306
0.0625455
0.201988
0.813405
0.893203
0.057202
0.394816
0.665965
0.868097
0.101837
0.582175
0.607687
0.3904
0.455603
0.327909
0.165489
0.376814
0.115191
0.0224329
0.0295084
0.948145
0.470781
0.411064
0.750739
0.676762
0.337894
0.980917
0.275356
0.915742
0.874026
0.759176
0.47978
0.668438
0.439352
0.187277
0.57163
0.385573
0.330457
0.99499
0.792454
0.772296
0.982029
0.958324
0.555917
0.298274
0.0984018
0.83912
0.0967752
0.500376
0.819821
0.724308
0.442291
0.586804
0.408896
0.309317
0.692249
0.634898
0.72525
0.284897
0.26983
0.0384022
0.425364
0.100253
0.957414
0.260069
0.976665
0.812309
0.479939
0.340744
0.885576
0.868936
0.200525
0.22602
0.72567
0.332152
0.471164
0.850773
0.936655
0.359181
0.756743
0.584739
0.710969
0.260945
0.698089
0.78642
0.357804
0.614842
0.65745
0.755296
0.264758
0.795044
0.302938
0.473495
0.0294285
0.604882
0.245588
0.6028
0.252647
0.237503
0.715867
0.572302
0.687406
0.235719
0.728217
0.147111
0.489593
0.593189
0.724306
0.40647
0.538347
0.00333597
0.0676633
0.216604
0.458702
0.402042
0.121088
0.130181
0.949017
0.136356
0.731518
0.629025
0.0235189
0.282762
0.374524
0.629208
0.106146
0.992142
0.932014
0.36722
0.867316
0.979575
0.724315
0.565306
0.0977577
0.0133499
0.372091
0.727687
0.235388
0.172528
0.680517
0.450737
0.541341
0.311018
0.286789
0.0707244
0.664502
0.286645
0.639948
0.605958
0.340835
0.412774
0.495225
0.245072
0.919513
0.260542
0.932976
0.522349
0.117299
0.440808
0.657431
0.434634
0.898503
0.133783
0.489733
0.934244
0.833646
0.0928661
0.800409
0.47046
0.0153145
0.390384
0.18827
0.260142
0.198894
0.805608
0.851896
0.814546
0.0795078
0.287146
0.0641501
0.171124
0.0867765
0.452325
0.223601
0.0667658
0.132827
0.416538
0.753365
0.804532
0.767982
0.471289
0.953436
0.404969
0.307463
0.535786
0.961811
0.161805
0.455715
0.208382
0.275997
0.689999
0.816989
0.137635
0.229044
0.546261
0.0117615
0.67568
0.151619
0.254929
0.587276
0.348489
0.0546413
0.356641
0.0582797
0.506286
0.153774
0.480508
0.891129
0.212304
0.19832
0.159459
0.0287915
0.89844
0.0775596
0.544458
0.706776
0.787792
0.424807
0.7255
0.470189
0.46972
0.585342
0.839113
0.97027
0.323568
0.215393
0.103575
0.792666
0.330516
0.979719
0.140034
0.545145
0.258928
0.79767
0.438659
0.545976
0.214808
0.271496
0.0263282
0.49877
0.826587
0.446086
0.374382
0.236648
0.346621
0.66712
0.293435
0.758907
0.94926
0.205176
0.386045
0.25756
0.806004
0.510751
0.190068
0.466554
0.36834
0.683387
0.682914
0.728278
0.167325
0.229504
0.280569
0.520903
0.81247
0.18204
0.551327
0.156695
0.578883
0.285845
0.198855
0.161686
0.448839
0.631057
0.181254
0.329921
0.978136
0.528281
0.813331
0.661238
0.430895
0.0498382
0.631398
0.911721
0.298399
0.195047
0.154875
0.984565
0.577468
0.498887
0.795529
0.459752
0.0501291
0.519537
0.862675
0.981299
0.683893
0.186647
0.980447
0.374551
0.0716957
0.989612
0.405848
0.0931732
0.961289
0.381793
0.788087
0.377677
0.625499
0.764708
0.453807
0.134935
0.846425
0.873373
0.78645
0.870048
0.894614
0.781393
0.865081
0.413214
0.892748
0.420114
0.848079
0.658487
0.189614
0.840062
0.923768
0.765515
0.0167093
0.833342
0.979656
0.0857434
0.0897046
0.665975
0.0383985
0.364107
0.553986
0.834557
0.405486
0.00749799
0.0187578
0.261728
0.866605
0.0326071
0.0276391
0.529765
0.754076
0.759906
0.736242
0.0269464
0.887359
0.850426
0.105478
0.762445
0.410546
0.0482472
0.890925
0.777906
0.259976
0.409552
0.3433
0.84825
0.531578
0.237792
0.576261
0.221797
0.749438
0.809847
0.100133
0.932678
0.513512
0.590576
0.81263
0.86625
0.0665267
0.114049
0.814629
0.46526
0.63099
0.0537086
0.680783
0.919367
0.803774
0.0374375
0.211264
0.713037
0.010079
0.398209
0.706203
0.154095
0.878323
0.977461
0.180601
0.359707
0.592033
0.303765
0.382064
0.357325
0.558378
0.658335
0.636629
0.818956
0.200852
0.716532
0.745564
0.689884
0.884713
0.378507
0.564232
0.0392402
0.510215
0.18529
0.165188
0.308387
0.0597498
0.215331
0.0762236
0.0902916
0.531082
0.894202
0.850313
0.210674
0.806246
0.584016
0.558058
0.278911
0.6641
0.523167
0.867275
0.286965
0.0246779
0.761108
0.937033
0.711141
0.140978
0.420286
0.74454
0.478501
0.163305
0.667386
0.750662
0.370784
0.758724
0.876408
0.786493
0.579602
0.373563
0.471113
0.00334126
0.156493
0.170499
0.579109
0.0810394
0.0292329
0.316946
0.905411
0.250892
0.745725
0.393394
0.772098
0.658585
0.831203
0.0226629
0.895704
0.0893364
0.477524
0.741634
0.634952
0.638971
0.190125
0.435591
0.982654
0.467565
0.366298
0.369313
0.0368985
0.15275
0.273217
0.963984
0.682767
0.258769
0.128268
0.792955
0.193892
0.745111
0.0876935
0.864974
0.615161
0.00668689
0.386576
0.19082
0.115062
0.849269
0.668799
0.50712
0.171349
0.866717
0.915553
0.704088
0.614232
0.389316
0.229555
0.126881
0.491161
0.949591
0.772706
0.869312
0.527268
0.795502
0.000868388
0.594997
0.112681
0.82949
0.239867
0.449921
0.819665
0.105503
0.188387
0.223128
0.112302
0.465705
0.102035
0.894732
0.765745
0.876651
0.875841
0.257747
0.954858
0.292895
0.679794
0.301982
0.405873
0.503455
0.566757
0.479598
0.603953
0.634564
0.122924
0.984624
0.578859
0.890418
0.252109
0.202782
0.150923
0.566387
0.268364
0.400687
0.338316
0.0773758
0.454764
0.218773
0.918696
0.525726
0.875514
0.762611
0.196131
0.372416
0.204017
0.90881
0.373417
0.0200276
0.604237
0.414872
0.746233
0.937394
0.786188
0.455193
0.428323
0.819142
0.325663
0.41459
0.0157406
0.552107
0.261293
0.555954
0.927014
0.31815
0.148284
0.213773
0.889161
0.125013
0.100596
0.718185
0.542863
0.897384
0.332214
0.525916
0.066943
0.110322
0.17881
0.264562
0.495321
0.866852
0.179972
0.795407
0.413313
0.549285
0.83989
0.0261798
0.00405997
0.235852
0.9604
0.43428
0.950352
0.573265
0.86639
0.41288
0.274472
0.0458281
0.233461
0.781534
0.236729
0.703769
0.240349
0.545541
0.902333
0.517597
0.260799
0.251809
0.151518
0.557851
0.801757
0.134819
0.901385
0.576113
0.729357
0.304662
0.449704
0.16857
0.148881
0.238319
0.432784
0.802843
0.377773
0.224035
0.357937
0.840865
0.42438
0.554667
0.287181
0.649312
0.988468
0.185506
0.805389
0.164408
0.207209
0.564692
0.773689
0.387037
0.922976
0.451312
0.194596
0.570435
0.292529
0.526992
0.159842
0.45896
0.739792
0.677091
0.868797
0.867336
0.312157
0.422622
0.0134727
0.435114
0.957104
0.0427137
0.888653
0.591532
0.873294
0.45513
0.37152
0.140072
0.183401
0.428626
0.922906
0.274218
0.779721
0.774371
0.854037
0.801718
0.479259
0.901637
0.80751
0.818357
0.122554
0.771379
0.570382
0.403602
0.333477
0.751741
0.518326
0.504199
0.0737487
0.494243
0.733929
0.147086
0.0688085
0.464009
0.604158
0.082127
0.307828
0.662683
0.713872
0.0551013
0.087442
0.638492
0.131892
0.708937
0.0971837
0.366833
0.36671
0.29813
0.676884
0.38978
0.0320614
0.856308
0.972729
0.657262
0.602811
0.449081
0.704448
0.653849
0.231964
0.612298
0.892337
0.50104
0.972639
0.150083
0.450184
0.242949
0.237992
0.937569
0.728738
0.901241
0.161756
0.637093
0.618818
0.470507
0.8035
0.42949
0.444663
0.456277
0.654606
0.966304
0.66815
0.601317
0.341243
0.274003
0.174872
0.0745389
0.775818
0.175004
0.291405
0.643536
0.916148
0.693173
0.160137
0.41943
0.362984
0.664378
0.202162
0.733916
0.92884
0.00604831
0.653995
0.686579
0.334944
0.411958
0.776515
0.892378
0.195528
0.241346
0.299559
0.68694
0.409295
0.0193096
0.535678
0.147119
0.626406
0.00526334
0.460943
0.069426
0.842425
0.628872
0.454599
0.450719
0.239172
0.768556
0.120905
0.0477809
0.0542328
0.49142
0.294361
0.318105
0.385902
0.854755
0.863515
0.0983625
0.178465
0.465927
0.832708
0.327584
0.710729
0.221536
0.362571
0.722686
0.182515
0.526131
0.690528
0.711619
0.176171
0.899692
0.127942
0.313244
0.696146
0.122723
0.611326
0.556027
0.151261
0.248198
0.466414
0.0193096
0.53704
0.034694
0.101732
0.810386
0.162442
0.168324
0.0281877
0.751333
0.652174
0.0872832
0.968534
0.147005
0.708875
0.0633282
0.356557
0.659254
0.0743534
0.657589
0.100225
0.485304
0.506075
0.596814
0.660401
0.361877
0.0657472
0.0131917
0.71262
0.00343586
0.746459
0.729849
0.578339
0.14859
0.357349
0.970444
0.254419
0.0124476
0.207052
0.928669
0.136651
0.691652
0.596092
0.519777
0.894171
0.332113
0.830646
0.666653
0.441481
0.973734
0.553266
0.745971
0.532534
0.293652
0.400939
0.585123
0.16428
0.0595361
0.622558
0.339199
0.911085
0.601521
0.766195
0.446237
0.909155
0.169321
0.775953
0.437247
0.815219
0.384338
0.571381
0.194216
0.188782
0.853925
0.924853
0.00767076
0.922505
0.543423
0.308851
0.863203
0.860831
0.986035
0.294629
0.826023
0.968032
0.719891
0.211652
0.232207
0.699158
0.741465
0.799842
0.943679
0.406555
0.966652
0.518134
0.283359
0.40703
0.946762
0.234588
0.716503
0.262145
0.863786
0.655172
0.477158
0.597511
0.368219
0.658361
0.0694582
0.384792
0.197591
0.903427
0.904862
0.00872495
0.640169
0.312809
0.37266
0.295157
0.709109
0.988331
0.872689
0.284388
0.702014
0.754824
0.321761
0.830782
0.950231
0.537306
0.494644
0.488759
0.570503
0.44392
0.971771
0.548027
0.690418
0.857458
0.295706
0.9316
0.407887
0.361494
0.637394
0.688607
0.413523
0.0859278
0.187898
0.00401588
0.494875
0.357231
0.989191
0.331812
0.769529
0.467506
0.369751
0.399673
0.300013
0.314152
0.955343
0.452871
0.397695
0.0566406
0.95832
0.477129
0.107361
0.419623
0.608242
0.728996
0.238247
0.221669
0.593203
0.965374
0.0334202
0.693482
0.344699
0.36411
0.597461
0.526971
0.793051
0.808981
0.540762
0.580008
0.199448
0.126109
0.519174
0.748802
0.108117
0.117853
0.74874
0.0750203
0.866742
0.335
0.340306
0.525869
0.284486
0.356877
0.0255132
0.800323
0.0252266
0.98428
0.800377
0.937609
0.396547
0.757628
0.452688
0.33555
0.581652
0.819958
0.0265126
0.598051
0.448381
0.931702
0.119874
0.7265
0.279203
0.570364
0.115638
0.5321
0.00951659
0.945372
0.866466
0.689447
0.534634
0.585537
0.115129
0.978395
0.88857
0.198164
0.543182
0.261593
0.595283
0.924959
0.784664
0.840379
0.243038
0.738605
0.729992
0.982005
0.560236
0.886323
0.433561
0.859442
0.633589
0.737763
0.575972
0.365997
0.312625
0.288139
0.753632
0.29513
0.256987
0.181847
0.308831
0.524916
0.271476
0.701589
0.601327
0.494953
0.676163
0.2634
0.96313
0.324361
0.533423
0.247667
0.546576
0.297558
0.0616494
0.140939
0.756978
0.522381
0.660629
0.188674
0.0457133
0.302743
0.198426
0.937375
0.468124
0.759483
0.628029
0.277781
0.665134
0.913258
0.122538
0.490013
0.65536
0.636663
0.402584
0.236789
0.716618
0.203202
0.208313
0.109156
0.589627
0.863898
0.530816
0.428851
0.702212
0.0828855
0.0561773
0.171176
0.95638
0.879041
0.042161
0.600224
0.96611
0.409649
0.974762
0.820953
0.750227
0.0683427
0.63627
0.796902
0.529001
0.912131
0.191004
0.209687
0.206079
0.569248
0.355784
0.664694
0.518583
0.827251
0.601785
0.206063
0.3073
0.786015
0.554561
0.498668
0.107814
0.0378189
0.622759
0.705226
0.735312
0.383333
0.684134
0.241841
0.627685
0.494219
0.344301
0.669841
0.0134483
0.0258416
0.320011
0.417995
0.238654
0.0616185
0.621604
0.30397
0.820016
0.0138248
0.353101
0.570986
0.563145
0.772408
0.865773
0.051628
0.712127
0.715827
0.910309
0.563596
0.359541
0.806808
0.0303342
0.826818
0.324326
0.952229
0.119982
0.539744
0.480111
0.233832
0.0128028
0.176733
0.349642
0.430235
0.959529
0.797937
0.923537
0.880858
0.577875
0.353644
0.693426
0.403618
0.602775
0.835494
0.141857
0.196588
0.0616208
0.660885
0.492128
0.203128
0.978837
0.311866
0.527142
0.680073
0.994422
0.254434
0.275273
0.509054
0.666599
0.525381
0.0810188
0.683487
0.372079
0.529093
0.464014
0.687477
0.43342
0.482088
0.451988
0.553882
0.0945989
0.924426
0.832268
0.921429
0.449507
0.860301
0.0735303
0.823785
0.352819
0.829451
0.578038
0.0884043
0.811199
0.815747
0.259723
0.158495
0.831377
0.949788
0.0807714
0.52468
0.296064
0.950564
0.122312
0.701792
0.0251518
0.725745
0.603279
0.312563
0.244782
0.0564814
0.282813
0.23195
0.383126
0.202824
0.865995
0.779476
0.659837
0.88729
0.682497
0.721353
0.780214
0.0513592
0.193408
0.611549
0.309828
0.278277
0.00690917
0.122439
0.833226
0.0263747
0.279192
0.380207
0.142
0.589587
0.187261
0.299805
0.815116
0.646407
0.158608
0.720764
0.881837
0.0284185
0.628978
0.23315
0.544613
0.304246
0.469686
0.008374
0.741833
0.990312
0.177193
0.0818833
0.2134
0.616514
0.744724
0.569384
0.645052
0.388491
0.364562
0.201389
0.748099
0.300779
0.186855
0.467752
0.508343
0.713581
0.149995
0.962563
0.803254
0.28956
0.637794
0.397785
0.577022
0.0151954
0.38944
0.316589
0.914232
0.495615
0.80432
0.213605
0.0586526
0.77394
0.612955
0.935524
0.345479
0.461179
0.0351803
0.275819
0.690919
0.273497
0.666959
0.581191
0.0753504
0.413642
0.0846573
0.834385
0.513619
0.400166
0.585391
0.662032
0.77408
0.956381
0.900814
0.980288
0.69423
0.930777
0.568104
0.119218
0.699075
0.35187
0.870944
0.951907
0.699681
0.545348
0.657724
0.370616
0.939955
0.832017
0.706835
0.772138
0.327035
0.473688
0.273232
0.203471
0.739084
0.781628
0.822304
0.47042
0.344994
0.310368
0.34803
0.334992
0.217777
0.170258
0.527562
0.730411
0.0216443
0.775302
0.494715
0.678273
0.735847
0.38563
0.288021
0.774907
0.85923
0.0745872
0.586293
0.833731
0.511756
0.075248
0.692952
0.449632
0.959458
0.612915
0.260883
0.656603
0.5268
0.935158
0.207187
0.190098
0.980535
0.8495
0.551711
0.613027
0.151061
0.873969
0.790585
0.36312
0.953763
0.899025
0.913975
0.18273
0.143871
0.0330976
0.271803
0.199652
0.555186
0.0118217
0.687089
0.911518
0.886321
0.402475
0.391347
0.36925
0.979439
0.424505
0.660109
0.451409
0.837484
0.588308
0.694948
0.986735
0.0600175
0.714476
0.204493
0.921862
0.732421
0.795973
0.917757
0.749198
0.766033
0.708839
0.463147
0.118198
0.55391
0.571687
0.336454
0.777103
0.77482
0.407532
0.39334
0.86629
0.73806
0.582422
0.773694
0.48118
0.191029
0.627732
0.297033
0.227533
0.152581
0.426681
0.223521
0.715426
0.160637
0.823581
0.928336
0.549484
0.180075
0.51263
0.777098
0.691055
0.558586
0.149577
0.933928
0.530318
0.0622512
0.255167
0.592115
0.681598
0.609667
0.674297
0.914103
0.330481
0.401382
0.023641
0.334257
0.848779
0.429894
0.230626
0.137016
0.82769
0.98429
0.96009
0.229252
0.0343566
0.43087
0.633702
0.635665
0.621135
0.412235
0.428267
0.875979
0.575276
0.661607
0.629692
0.239559
0.27079
0.16221
0.261119
0.628986
0.372702
0.994913
0.502746
0.660188
0.780984
0.0030846
0.842864
0.0139594
0.616096
0.722428
0.842057
0.458054
0.512471
0.100355
0.662905
0.44871
0.466057
0.0144574
0.985247
0.0507919
0.660163
0.352577
0.756099
0.763132
0.964388
0.470287
0.115527
0.66681
0.0823173
0.506512
0.945924
0.142686
0.115919
0.253976
0.571699
0.548807
0.791909
0.614028
0.961562
0.966793
0.885893
0.199632
0.218785
0.123074
0.503525
0.752898
0.952156
0.879769
0.272608
0.727125
0.782027
0.519759
0.590312
0.377489
0.454012
0.575281
0.753489
0.883325
0.0460417
0.823338
0.849577
0.841967
0.932781
0.244478
0.934718
0.797345
0.974578
0.729192
0.536248
0.719442
0.653555
0.296366
0.0161967
0.218763
0.757794
0.240339
0.385695
0.374548
0.034497
0.790505
0.013752
0.129096
0.718609
0.66878
0.185026
0.733678
0.929682
0.169374
0.668433
0.348918
0.268135
0.552132
0.683299
0.205029
0.921592
0.191914
0.490493
0.712059
0.581912
0.189412
0.442095
0.293827
0.358383
0.347582
0.814642
0.688688
0.771766
0.0744466
0.224749
0.358461
0.650626
0.0671411
0.441201
0.266831
0.622872
0.615518
0.00479281
0.552796
0.842934
0.200218
0.0617203
0.332323
0.359853
0.053763
0.594261
0.746924
0.54577
0.763535
0.73768
0.191347
0.963594
0.130233
0.824099
0.639524
0.473804
0.217576
0.793868
0.547303
0.527152
0.850931
0.595875
0.874223
0.0663028
0.350614
0.764596
0.556398
0.376653
0.403323
0.65269
0.762947
0.842833
0.491948
0.177164
0.603043
0.336908
0.416086
0.153702
0.271498
0.0651549
0.0577369
0.38459
0.809391
0.432647
0.493172
0.734963
0.514981
0.282904
0.770364
0.503066
0.0297974
0.805127
0.7698
0.0291755
0.35341
0.762162
0.657256
0.493383
0.287727
0.830833
0.807704
0.0804501
0.124955
0.114513
0.614568
0.050293
0.274012
0.324137
0.763234
0.680523
0.55032
0.228157
0.633138
0.151068
0.0010532
0.701189
0.882342
0.514605
0.973426
0.373243
0.0932081
0.549143
0.448136
0.815048
0.506387
0.838236
0.227112
0.0690201
0.021548
0.158061
0.526173
0.394495
0.272587
0.363691
0.561759
0.475412
0.254136
0.265285
0.646276
0.964438
0.312631
0.396127
0.712033
0.137366
0.711507
0.304189
0.507684
0.646531
0.24684
0.633396
0.493905
0.0566183
0.583264
0.923246
0.989111
0.988001
0.336691
0.766869
0.766149
0.666707
0.350843
0.612414
0.846863
0.222099
0.823383
0.599429
0.608986
0.234305
0.972267
0.896501
0.495946
0.366302
0.43658
0.604188
0.580495
0.371101
0.0983898
0.636973
0.607245
0.970509
0.345563
0.879333
0.945467
0.471411
0.0121237
0.762451
0.50944
0.159738
0.719776
0.280973
0.306788
0.177831
0.799071
0.982812
0.120963
0.0172255
0.508512
0.567075
0.827552
0.663036
0.641353
0.224321
0.157129
0.864857
0.652793
0.484763
0.4193
0.174042
0.123488
0.460808
0.795819
0.325742
0.749143
0.839375
0.371648
0.281789
0.025278
0.847466
0.366107
0.159805
0.836897
0.721777
0.899267
0.980361
0.929005
0.77915
0.175392
0.809182
0.918889
0.761656
0.147089
0.117152
0.972927
0.978233
0.163992
0.211053
0.173577
0.308467
0.402457
0.101341
0.23651
0.0242247
0.143867
0.970127
0.91876
0.59923
0.256225
0.366629
0.941476
0.390536
0.740809
0.783593
0.852306
0.711534
0.755309
0.47733
0.492908
0.299094
0.869728
0.520364
0.755341
0.0244093
0.247374
0.622326
0.43125
0.0157934
0.440384
0.537172
0.248813
0.799687
0.334062
0.578014
0.683625
0.676796
0.908483
0.8749
0.436976
0.26226
0.802237
0.197615
0.31457
0.979486
0.223116
0.907549
0.174091
0.955595
0.689981
0.50928
0.466418
0.0945915
0.799024
0.202288
0.857351
0.498443
0.330856
0.690488
0.0278993
0.903461
0.46314
0.993767
0.234617
0.202669
0.258006
0.310796
0.542717
0.445179
0.123207
0.732734
0.0557079
0.282892
0.572795
0.963142
0.529044
0.641197
0.593659
0.623476
0.759118
0.501249
0.498787
0.105918
0.161283
0.683936
0.918507
0.342092
0.53944
0.362832
0.119517
0.71728
0.329325
0.958693
0.747295
0.790172
0.423948
0.289284
0.996154
0.361007
0.439351
0.170905
0.394577
0.659239
0.834381
0.445929
0.729836
0.354959
0.797041
0.870243
0.178379
0.0119283
0.479351
0.459616
0.77192
0.658635
0.687016
0.679796
0.337686
0.481262
0.574935
0.928659
0.963735
0.495761
0.252104
0.103762
0.934828
0.647851
0.426895
0.829599
0.0666906
0.868891
0.458366
0.760646
0.184177
0.457442
0.219575
0.389052
0.789789
0.97581
0.437171
0.526803
0.975965
0.0452143
0.916248
0.382323
0.697876
0.204909
0.903656
0.751694
0.725429
0.279344
0.942952
0.190727
0.55234
0.17296
0.931695
0.000678645
0.405986
0.410146
0.328855
0.0706125
0.783692
0.520012
0.835734
0.182205
0.316642
0.797993
0.87419
0.512908
0.445152
0.667868
0.86422
0.938063
0.0182171
0.174922
0.917682
0.473273
0.291969
0.128767
0.19079
0.60825
0.856722
0.93495
0.700527
0.763356
0.726688
0.447341
0.461618
0.416879
0.481453
0.785523
0.280875
0.668243
0.163429
0.757605
0.0738922
0.906603
0.284057
0.153572
0.0922219
0.973433
0.488956
0.879406
0.173832
0.590336
0.778653
0.817956
0.392886
0.241951
0.46638
0.456015
0.236276
0.0972343
0.217137
0.421241
0.793966
0.179117
0.419056
0.0718192
0.0656815
0.908758
0.494571
0.247184
0.415792
0.215607
0.714842
0.353484
0.00509904
0.699542
0.197022
0.349778
0.726875
0.591921
0.42413
0.346099
0.893909
0.932144
0.549227
0.865726
0.254614
0.298396
0.136631
0.356824
0.14644
0.212883
0.924227
0.484162
0.318736
0.00388238
0.251164
0.3149
0.521792
0.760092
0.861304
0.934214
0.336907
0.389453
0.530609
0.946586
0.278756
0.050828
0.266479
0.716562
0.256015
0.847503
0.975038
0.457411
0.70899
0.995291
0.854174
0.0998534
0.235369
0.848446
0.832248
0.589951
0.298028
0.952484
0.405843
0.000211545
0.555441
0.301776
0.94182
0.168432
0.828284
0.968757
0.8987
0.452226
0.564207
0.635697
0.158783
0.663667
0.247085
0.764091
0.0861844
0.50083
0.453692
0.209014
0.895981
0.760082
0.703336
0.975498
0.199083
0.99519
0.156689
0.47437
0.730222
0.845383
0.347824
0.87515
0.650083
0.947449
0.770492
0.653932
0.639348
0.526589
0.375006
0.719663
0.373874
0.704724
0.295339
0.769524
0.393468
0.0222748
0.373325
0.469765
0.336086
0.60144
0.410801
0.337473
0.912641
0.763524
0.547476
0.428481
0.487449
0.556077
0.981929
0.274418
0.148496
0.768362
0.853317
0.705853
0.276163
0.474841
0.645069
0.668221
0.788186
0.0468151
0.821114
0.467378
0.226092
0.936425
0.491053
0.125718
0.943482
0.0938171
0.783224
0.652961
0.314168
0.223545
0.121333
0.236481
0.538011
0.358778
0.989485
0.279314
0.434606
0.416774
0.719847
0.470941
0.101324
0.944649
0.717029
0.110192
0.989407
0.962942
0.173253
0.868397
0.143608
0.61991
0.823061
0.181336
0.708246
0.492619
0.448388
0.0640149
0.897721
0.990077
0.218334
0.53328
0.839642
0.868382
0.89642
0.130409
0.784564
0.175569
0.78782
0.885678
0.59123
0.800797
3.86531e-005
0.649651
0.688718
0.286585
0.630151
0.942843
0.364139
0.0795027
0.202418
0.0360557
0.987906
0.740448
0.714213
0.77145
0.761751
0.743402
0.353648
0.768073
0.011041
0.566338
0.440452
0.675768
0.629308
0.77317
0.672554
0.621247
0.30397
0.821652
0.505222
0.274613
0.428864
0.911497
0.534878
0.698098
0.934354
0.685076
0.0666426
0.0622432
0.121618
0.0312984
0.0323796
0.203816
0.534158
0.594548
0.56115
0.253853
0.509772
0.73468
0.769329
0.108921
0.63796
0.198522
0.558349
0.180191
0.467
0.867402
0.429692
0.834929
0.653034
0.546101
0.323701
0.443889
0.436447
0.363318
0.28638
0.188434
0.0166671
0.123256
0.556138
0.0148607
0.763235
0.694524
0.871423
0.00607831
0.158224
0.271656
0.719038
0.864007
0.37132
0.775875
0.139017
0.45846
0.329098
0.146147
0.297641
0.457913
0.140032
0.524484
0.999167
0.999619
0.602311
0.040469
0.162556
0.0737088
0.823476
0.156259
0.237342
0.000601842
0.11516
0.488134
0.0762497
0.528404
0.884924
0.924533
0.626048
0.987858
0.922538
0.0945871
0.726043
0.612414
0.837722
0.585963
0.276367
0.896075
0.336853
0.489976
0.0241556
0.982512
0.0777441
0.644999
0.506154
0.925865
0.0129702
0.990876
0.6552
0.947147
0.704765
0.979028
0.516083
0.807599
0.321849
0.320883
0.0874048
0.0126249
0.186512
0.706926
0.304784
0.503625
0.419539
0.187216
0.544341
0.735502
0.575866
0.578673
0.764871
0.189499
0.905704
0.175588
0.109687
0.508753
0.61571
0.246123
0.585444
0.565148
0.445605
0.276931
0.374137
0.122882
0.270578
0.59722
0.483242
0.848673
0.651109
0.190599
0.403782
0.367056
0.113804
0.697262
0.881834
0.982642
0.264455
0.69762
0.899991
0.148675
0.777405
0.844414
0.0621042
0.785634
0.158445
0.978232
0.14704
0.300204
0.532449
0.872281
0.428621
0.835743
0.337871
0.603248
0.787852
0.425314
0.25326
0.543368
0.385285
0.483438
0.143575
0.0599174
0.0312435
0.109322
0.374007
0.931248
0.480688
0.927635
0.769499
0.973646
0.0722433
0.192632
0.559388
0.635937
0.192768
0.843498
0.676331
0.0948395
0.9672
0.729035
0.895451
0.844353
0.0389238
0.192902
0.0966474
0.353235
0.822257
0.67098
0.154548
0.493521
0.613004
0.759992
0.193771
0.703846
0.533328
0.640444
0.946403
0.188592
0.670558
0.0610638
0.298473
0.439995
0.00237275
0.878771
0.512603
0.316109
0.852258
0.893898
0.739506
0.87811
0.396325
0.0402669
0.765614
0.675219
0.400641
0.570299
0.0111497
0.393286
0.964027
0.404154
0.622853
0.293236
0.410215
0.481233
0.089152
0.378148
0.541386
0.0820723
0.389677
0.307067
0.875499
0.514875
0.498985
0.441548
0.0927408
0.694677
0.439333
0.869746
0.820489
0.966441
0.977305
0.562633
0.180346
0.0781271
0.082736
0.544547
0.195743
0.851987
0.337354
0.913098
0.437107
0.454919
0.823577
0.851497
0.11148
0.647021
0.485635
0.0683614
0.949763
0.674544
0.0557864
0.601816
0.715466
0.838854
0.625226
0.174347
0.252616
0.723334
0.0777991
0.56945
0.749689
0.0265227
0.766553
0.456959
0.114289
0.857215
0.205121
0.470485
0.440952
0.0729924
0.783718
0.947566
0.7451
0.900956
0.373349
0.872173
0.614539
0.560292
0.824634
0.630519
0.137125
0.656556
0.734623
0.81178
0.59208
0.082395
0.813531
0.0196194
0.742703
0.605251
0.448158
0.193734
0.0938036
0.557355
0.472395
0.54457
0.580738
0.458861
0.0743637
0.830388
0.32305
0.495213
0.0423374
0.564649
0.0602761
0.0599583
0.719831
0.198536
0.797069
0.345805
0.940538
0.613726
0.895968
0.52803
0.607918
0.277695
0.222672
0.446601
0.0168145
0.601499
0.391367
0.70695
0.703459
0.0385527
0.954651
0.824936
0.707415
0.516453
0.0286159
0.947351
0.123784
0.445618
0.501532
0.245581
0.484418
0.612064
0.9514
0.173971
0.935069
0.710754
0.638854
0.22051
0.109676
0.324849
0.740765
0.0322618
0.224645
0.600603
0.342644
0.822539
0.41102
0.0159372
0.856909
0.0654035
0.237331
0.82497
0.275656
0.949099
0.508639
0.698829
0.221824
0.196301
0.222937
0.897214
0.47926
0.924466
0.503238
0.919082
0.0049892
0.853411
0.274328
0.632747
0.581856
0.259357
0.0175034
0.179759
0.211306
0.420157
0.580776
0.0946751
0.204272
0.206763
0.0597671
0.50558
0.286635
0.469271
0.0298745
0.0999685
0.170697
0.907311
0.183136
0.970523
0.578797
0.836957
0.739674
0.703993
0.00856579
0.965163
0.486048
0.00716558
0.431967
0.0639646
0.0521988
0.305135
0.39735
0.266278
0.331149
0.612687
0.431307
0.980722
0.99736
0.628556
0.140878
0.737922
0.250063
0.802836
0.272297
0.489264
0.0650094
0.613037
0.320321
0.641713
0.266888
0.589523
0.110807
0.329348
0.34789
0.989962
0.28724
0.636358
0.271233
0.617531
0.842726
0.702856
0.90187
0.737599
0.834051
0.891148
0.521626
0.966321
0.948608
0.257955
0.457964
0.00148086
0.888825
0.476981
0.61964
0.292133
0.878108
0.363462
0.713094
0.978866
0.803315
0.311011
0.160675
0.470806
0.84034
0.598419
0.628684
0.29763
0.263889
0.186727
0.312941
0.603746
0.167037
0.385123
0.757388
0.42736
0.636512
0.851892
0.756256
0.386062
0.538706
0.0379676
0.12074
0.278757
0.0640233
0.03919
0.667135
0.540138
0.0930648
0.140226
0.774634
0.274903
0.289031
0.746396
0.684356
0.971372
0.85602
0.120826
0.726267
0.372554
0.510346
0.384985
0.438999
0.251454
0.183128
0.840613
0.183051
0.544214
0.606134
0.300619
0.505032
0.071578
0.0106126
0.366125
0.464587
0.31298
0.259839
0.111354
0.534888
0.856598
0.837639
0.204061
0.649114
0.664335
0.483059
0.778866
0.400626
0.314627
0.934687
0.278621
0.781517
0.964043
0.664154
0.439713
0.257644
0.226247
0.541627
0.132281
0.247344
0.106146
0.987971
0.822373
0.629583
0.406796
0.0146379
0.0190689
0.490526
0.262864
0.948366
0.180777
0.32108
0.386462
0.267999
0.253582
0.955686
0.211138
0.588397
0.183656
0.710183
0.0375895
0.76662
0.590092
0.681408
0.418183
0.405822
0.642186
0.227785
0.380706
0.532885
0.198389
0.321346
0.865744
0.553362
0.358845
0.10299
0.94966
0.937426
0.322944
0.711317
0.108135
0.42114
0.101106
0.292466
0.476654
0.130984
0.446695
0.598837
0.649994
0.451196
0.244617
0.27283
0.448477
0.553373
0.538804
0.68289
0.338439
0.13856
0.772801
0.458848
0.85204
0.23644
0.842662
0.620915
0.723424
0.591043
0.663863
0.549946
0.94683
0.377441
0.653554
0.284923
0.70795
0.523782
0.211301
0.334638
0.267365
0.595319
0.534281
0.659159
0.492738
0.449059
0.331873
0.797444
0.640601
0.572768
0.508
0.948974
0.413684
0.795237
0.544784
0.187637
0.621593
0.121177
0.623436
0.0959196
0.12062
0.259389
0.552389
0.998352
0.301446
0.404773
0.0248492
0.641306
0.421523
0.536972
0.893328
0.15686
0.352619
0.461803
0.525489
0.89629
0.952683
0.737325
0.216642
0.0953613
0.738032
0.102838
0.401113
0.498246
0.0282452
0.716958
0.916013
0.427541
0.680461
0.501524
0.112243
0.475121
0.364189
0.929102
0.418547
0.527412
0.211627
0.820673
0.0476436
0.746808
0.599955
0.444034
0.87566
0.219597
0.774727
0.84045
0.450482
0.257022
0.763495
0.0657081
0.356857
0.690631
0.429906
0.429095
0.803786
0.223055
0.892985
0.404463
0.815258
0.0387792
0.761225
0.911258
0.512813
0.850318
0.292014
0.878479
0.59013
0.308879
0.32881
0.306923
0.457863
0.308277
0.214511
0.287945
0.498199
0.231388
0.933983
0.448923
0.0470589
0.918649
0.73405
0.170554
0.506244
0.442036
0.302516
0.387524
0.110657
0.812982
0.792095
0.744348
0.262223
0.183116
0.637808
0.644347
0.5435
0.605266
0.703196
0.615637
0.00443798
0.589204
0.758361
0.767574
0.623646
0.623389
0.306341
0.667788
0.505249
0.716529
0.710071
0.166015
0.214577
0.400159
0.46481
0.0593302
0.162881
0.533799
0.555987
0.476104
0.877828
0.662084
0.648379
0.30577
0.082567
0.703825
0.187856
0.2994
0.0162703
0.454469
0.259164
0.764661
0.655024
0.993663
0.500426
0.664959
0.963898
0.238614
0.37995
0.811795
0.836012
0.852176
0.520213
0.226931
0.0319584
0.12517
0.734756
0.0492297
0.404181
0.0655361
0.465146
0.714054
0.108645
0.00240177
0.366605
0.526013
0.707053
0.432281
0.34134
0.903508
0.263128
0.391857
0.943835
0.0432038
0.126713
0.661945
0.302253
0.959943
0.763922
0.236478
0.487563
0.466196
0.357578
0.820564
0.216993
0.00585888
0.470251
0.508976
0.356692
0.914242
0.662638
0.952257
0.586786
0.111118
0.559554
0.42095
0.914678
0.997401
0.325776
0.316273
0.593655
0.555715
0.904949
0.47037
0.505944
0.407176
0.412648
0.371649
0.307788
0.99381
0.968347
0.00184522
0.0125673
0.219314
0.00399166
0.0878564
0.603021
0.978805
0.773052
0.67658
0.276062
0.76744
0.361207
0.811131
0.675406
0.546301
0.685025
0.213905
0.0994605
0.632527
0.888874
0.312493
0.0677512
0.693909
0.531592
0.46266
0.91999
0.273915
0.685029
0.278112
0.235474
0.618591
0.654557
0.134909
0.408916
0.647941
0.937729
0.410373
0.140508
0.524958
0.976945
0.517812
0.865069
0.217845
0.314943
0.244456
0.564835
0.189939
0.311446
0.465308
0.423841
0.489336
0.277948
0.470982
0.78876
0.697808
0.0661095
0.103179
0.132472
0.462033
0.384163
0.629668
0.822711
0.305118
0.111539
0.637793
0.380387
0.168519
0.304564
0.810197
0.97502
0.167961
0.915433
0.688055
0.137695
0.236345
0.248822
0.95036
0.699559
0.491677
0.615964
0.511651
0.310738
0.577851
0.940506
0.0766651
0.50987
0.379611
0.118565
0.724329
0.805388
0.150947
0.962214
0.923538
0.895462
0.0273882
0.313175
0.534572
0.547283
0.180616
0.620748
0.903419
0.763682
0.198565
0.275761
0.723079
0.784464
0.490395
0.0712767
0.947703
0.0448241
0.359238
0.708039
0.00288796
0.537882
0.18448
0.555797
0.275518
0.630905
0.621178
0.135579
0.676798
0.942277
0.855069
0.140758
0.71353
0.291168
0.663382
0.453223
0.317334
0.424996
0.911474
0.136062
0.79549
0.798345
0.791653
0.313759
0.340026
0.822065
0.443056
0.446131
0.123225
0.0352933
0.17506
0.229043
0.528245
0.211773
0.272228
0.339015
0.824748
0.543229
0.0517825
0.308063
0.616314
0.395233
0.684504
0.457286
0.598281
0.306131
0.14362
0.828475
0.173577
0.307567
0.275612
0.206729
0.491745
0.755992
0.96356
0.559996
0.849318
0.480143
0.766542
0.263891
0.208593
0.829521
0.765017
0.635505
0.936784
0.529355
0.870018
0.384531
0.80605
0.288207
0.890866
0.78805
0.755145
0.715217
0.650565
0.0463635
0.230569
0.175867
0.803466
0.850276
0.596038
0.617592
0.875643
0.928597
0.936688
0.923361
0.921277
0.9056
0.423029
0.852788
0.808954
0.0916689
0.678649
0.05485
0.864239
0.269556
0.432772
0.593949
0.502669
0.36238
0.527265
0.750532
0.184738
0.886816
0.709023
0.548944
0.100383
0.131556
0.0630016
0.868355
0.443007
0.620191
0.545828
0.738826
0.450687
0.704177
0.108434
0.45229
0.642063
0.151418
0.879361
0.418485
0.483789
0.0421918
0.117774
0.428502
0.834001
0.0493357
0.185595
0.30226
0.0817684
0.281132
0.988923
0.835516
0.521014
0.676273
0.11706
0.425176
0.933712
0.899869
0.102314
0.591939
0.720819
0.81211
0.136068
0.899995
0.222431
0.38952
0.66897
0.380947
0.58408
0.629817
0.326695
0.768132
0.989533
0.0783005
0.995859
0.408512
0.853165
0.145441
