37
3
43
36
32
38
13
24
14
44
45
28
1
9
8
16
15
12
18
27
26
47
33
11
19
50
10
20
7
30
42
22
21
29
31
0
4
17
46
49
35
23
48
39
6
5
25
40
41
34
2

30
12
23
13
3
16
18
36
22
26
40
46
27
8
47
39
50
11
37
48
29
33
1
49
0
2
25
32
4
45
42
7
19
41
15
43
44
14
28
20
10
5
6
35
34
31
17
24
21
9
38

49
33
0
26
5
7
47
1
50
45
11
3
17
22
14
40
16
36
12
35
15
8
10
30
41
18
20
19
34
28
27
6
37
9
46
24
13
4
2
44
42
23
48
38
29
21
31
25
39
43
32

40
12
26
23
6
13
50
0
11
46
43
49
33
8
48
24
20
19
3
45
10
31
1
15
21
25
35
34
30
4
37
41
5
28
27
32
14
36
47
7
29
9
22
42
16
18
39
44
38
17
2

29
24
48
33
15
3
5
35
13
17
8
49
2
28
4
32
46
11
45
23
9
43
40
18
30
7
21
27
6
22
25
1
47
26
19
0
31
37
10
50
41
14
44
12
16
36
20
34
38
39
42

21
27
4
41
18
39
28
15
12
40
29
31
7
6
25
30
36
11
45
50
26
23
5
22
42
38
8
20
49
44
35
37
10
46
17
47
24
13
3
2
48
32
19
1
0
16
43
14
9
33
34

46
13
36
39
12
50
4
33
29
8
32
16
40
18
7
6
44
41
14
11
45
10
0
49
1
35
25
31
23
22
17
47
21
34
20
9
28
24
5
26
30
27
37
48
43
3
42
15
19
2
38

44
9
48
7
21
10
41
1
31
50
45
3
26
36
14
32
40
0
6
17
46
11
49
19
28
16
4
39
12
23
47
30
13
22
5
24
35
20
29
38
33
37
15
8
43
18
27
2
34
25
42

45
2
31
0
28
6
47
15
49
4
33
29
39
9
14
16
41
18
40
24
17
13
5
50
10
1
30
27
25
21
11
36
37
46
12
26
8
48
44
34
19
35
38
32
43
7
20
22
3
23
42

35
34
19
2
27
30
25
7
20
10
45
50
31
0
21
1
15
28
49
33
29
48
9
38
32
14
43
36
16
3
17
46
11
4
37
8
44
41
40
18
39
12
13
24
23
6
22
5
26
47
42

26
47
45
11
46
17
3
12
40
18
41
16
36
43
14
44
32
9
48
29
38
8
49
33
20
28
2
34
35
19
30
27
21
0
31
10
4
37
15
1
7
25
6
22
5
13
24
23
42
50
39

24
13
23
12
40
18
39
41
43
14
44
32
38
29
9
48
37
8
49
15
10
4
16
36
11
45
50
31
0
21
7
22
6
47
25
30
27
2
34
19
35
28
20
33
1
26
5
3
17
46
42

37
10
45
50
5
3
17
46
36
14
32
38
9
29
33
49
8
15
28
20
19
34
35
2
30
27
21
0
26
47
22
6
42
23
13
24
12
40
18
39
41
16
43
44
48
4
11
31
1
7
25

36
16
3
46
11
45
50
31
0
21
34
35
2
30
7
25
6
22
42
23
24
13
17
12
40
18
39
41
14
44
32
9
38
29
33
49
8
48
4
37
10
15
1
28
20
19
27
47
26
5
43

36
43
14
44
32
38
9
48
8
49
33
29
20
28
19
34
35
2
27
30
25
7
47
6
22
23
42
5
26
0
21
1
15
10
37
4
11
46
17
13
24
12
40
18
41
39
3
16
45
50
31

6
22
23
13
24
12
40
18
39
41
43
14
44
32
38
9
29
33
20
28
1
15
49
8
48
4
37
10
31
0
21
27
30
7
47
26
5
50
45
11
46
17
3
16
36
34
35
2
19
25
42

25
7
47
22
6
42
23
13
24
17
3
46
11
45
50
31
10
37
8
49
15
1
28
20
33
29
38
9
48
4
32
44
14
43
36
16
41
18
40
12
39
5
26
0
21
27
30
2
19
34
35

36
16
3
17
46
11
45
50
26
47
22
23
42
6
25
7
30
27
21
0
31
10
37
4
48
8
49
15
1
28
20
33
29
9
38
32
44
14
43
41
18
40
12
39
24
13
5
2
19
34
35

39
41
18
40
12
24
13
5
26
50
45
11
46
17
3
16
36
43
14
44
32
38
9
48
8
49
33
29
4
37
10
31
0
21
27
30
7
25
6
22
23
42
47
1
28
20
15
19
2
35
34

39
41
18
40
12
24
13
5
26
50
45
11
46
17
3
16
36
43
14
44
32
38
9
48
8
49
15
1
28
20
33
29
4
37
10
31
0
21
27
30
7
25
6
22
23
42
47
35
34
19
2

35
34
19
2
27
30
7
25
6
22
23
42
5
26
50
45
11
46
17
3
16
36
43
14
44
32
38
9
29
33
20
28
1
15
49
8
48
4
37
10
31
0
21
47
13
24
12
40
18
41
39

19
34
35
2
47
26
50
45
11
46
17
3
16
36
43
14
44
32
38
9
29
33
20
28
1
15
49
8
48
4
37
10
31
0
21
27
30
7
25
6
22
23
42
5
13
24
12
40
18
41
39

39
41
18
40
12
24
13
5
26
50
45
11
46
17
3
16
36
43
14
44
32
38
9
29
33
20
28
1
15
49
8
48
4
37
10
31
0
21
27
30
7
47
42
23
22
6
25
2
19
34
35

35
34
19
2
30
27
21
0
31
10
37
4
48
8
49
15
1
28
20
33
29
9
38
32
44
14
43
36
16
3
17
46
11
45
50
26
47
7
25
6
22
23
42
5
13
24
12
40
18
41
39

35
34
19
2
30
27
21
0
31
10
37
4
48
8
49
15
1
28
20
33
29
9
38
32
44
14
43
36
16
3
17
46
11
45
50
26
47
7
25
6
22
23
42
5
13
24
12
40
18
41
39
