CITY DIM: 51
ANT POP: 50
MAX ITER: 1000
PHERO ANT CARRIED: 100
PHERO CTRL FACTOR: 2
DISTANCE CTRL FACTOR: 4
EVAPORATION FACTOR: 0.85
MIN PHERO AMOUNT: 0.000167
BONUS WEIGHT: 1.2
RUN: 51
good path: 490.945
48
8
49
15
1
28
20
33
29
38
32
44
14
43
41
39
18
40
12
17
3
16
36
4
37
10
31
0
21
7
25
30
27
2
19
34
35
22
6
42
23
13
24
5
47
26
50
45
11
46
9

good path: 468.035
32
44
14
43
41
39
18
40
12
24
13
23
42
6
22
47
5
26
50
45
11
46
17
3
16
36
4
37
10
31
0
21
1
15
49
8
48
9
38
29
33
20
28
19
34
35
2
27
30
25
7

good path: 461.733
36
16
3
17
46
11
45
50
26
5
47
22
6
42
23
13
24
12
40
18
39
41
43
14
44
32
38
29
33
20
28
19
34
35
2
27
30
25
7
0
31
10
37
4
9
48
8
49
15
1
21

good path: 457.979
40
12
24
13
23
42
6
22
47
7
25
30
27
2
35
34
19
28
20
33
29
38
9
48
8
49
15
1
21
0
31
10
37
4
36
16
3
17
46
11
45
50
26
5
32
44
14
43
41
18
39

good path: 498.958
12
24
13
5
47
22
6
25
7
30
27
2
19
34
35
1
28
20
33
29
9
38
32
44
14
43
36
16
3
17
46
11
4
48
8
49
15
37
10
31
0
21
45
50
26
42
23
18
41
39
40

good path: 480.764
25
7
30
27
2
19
34
35
1
28
20
33
29
9
38
32
44
14
43
41
39
18
40
12
24
13
23
42
6
22
47
26
0
31
10
37
4
11
46
17
3
16
36
48
8
49
15
21
45
50
5

good path: 475.597
33
29
9
38
32
44
14
43
36
16
3
17
46
11
45
50
26
47
5
13
24
12
40
18
41
39
42
23
22
6
25
7
30
27
2
19
34
35
1
21
0
31
10
37
4
48
8
49
15
28
20

good path: 475.597
31
10
37
4
48
8
49
15
28
20
33
29
9
38
32
44
14
43
36
16
3
17
46
11
45
50
26
47
5
13
24
12
40
18
41
39
42
23
22
6
25
7
30
27
2
19
34
35
1
21
0

good path: 475.597
13
24
12
40
18
41
39
42
23
22
6
25
7
30
27
2
19
34
35
1
21
0
31
10
37
4
48
8
49
15
28
20
33
29
9
38
32
44
14
43
36
16
3
17
46
11
45
50
26
47
5

good path: 473.013
39
41
18
40
12
24
13
5
47
26
50
45
11
46
17
3
16
36
43
14
44
32
38
9
29
33
20
28
1
21
0
31
10
37
4
48
8
49
15
19
34
35
2
27
30
7
25
6
22
23
42

good path: 468.936
17
46
11
45
50
26
5
47
22
6
25
7
30
27
2
19
34
35
1
21
0
31
10
37
4
48
8
49
15
28
20
33
29
9
38
32
44
14
43
36
16
3
39
41
18
40
12
24
13
23
42

good path: 468.936
42
23
13
24
12
40
18
41
39
3
16
36
43
14
44
32
38
9
29
33
20
28
15
49
8
48
4
37
10
31
0
21
1
35
34
19
2
27
30
7
25
6
22
47
5
26
50
45
11
46
17

good path: 468.936
42
23
13
24
12
40
18
41
39
3
16
36
43
14
44
32
38
9
29
33
20
28
15
49
8
48
4
37
10
31
0
21
1
35
34
19
2
27
30
7
25
6
22
47
5
26
50
45
11
46
17

good path: 468.936
13
24
12
40
18
41
39
3
16
36
43
14
44
32
38
9
29
33
20
28
15
49
8
48
4
37
10
31
0
21
1
35
34
19
2
27
30
7
25
6
22
47
5
26
50
45
11
46
17
42
23

good path: 468.936
23
13
24
12
40
18
41
39
3
16
36
43
14
44
32
38
9
29
33
20
28
15
49
8
48
4
37
10
31
0
21
1
35
34
19
2
27
30
7
25
6
22
47
5
26
50
45
11
46
17
42

good path: 468.936
17
46
11
45
50
26
5
47
22
6
25
7
30
27
2
19
34
35
1
21
0
31
10
37
4
48
8
49
15
28
20
33
29
9
38
32
44
14
43
36
16
3
39
41
18
40
12
24
13
23
42

