570.443
494.238
484.523
479.202
473.257
469.585
468.318
467.686
467.001
466.006
465.765
465.691
465.221
465.197
464.735
464.594
464.542
464.542
464.542
464.542
464.542
464.542
464.542
464.542
464.542
464.232
464.193
464.193
464.193
464.193
464.193
464.137
464.137
464.137
464.137
464.137
464.137
464.137
464.137
464.137
464.137
464.137
464.137
464.137
464.137
464.015
464.015
464.015
463.871
463.871
463.871
463.871
463.871
463.871
463.871
463.871
463.871
463.871
463.871
463.871
463.871
463.871
463.871
463.871
463.839
463.839
463.839
463.839
463.839
463.839
463.839
463.839
463.839
463.839
463.839
463.839
463.839
463.839
463.839
463.839
463.839
463.839
463.839
463.839
463.839
463.839
463.790
463.790
463.790
463.790
463.746
463.746
463.746
463.746
463.746
463.746
463.746
463.746
463.746
463.746
463.746
463.658
463.658
463.658
463.658
463.658
463.658
463.658
463.658
463.658
463.658
463.658
463.658
463.658
463.658
463.658
463.658
463.658
463.658
463.658
463.658
463.658
463.658
463.658
463.658
463.658
463.658
463.658
463.612
463.612
463.612
463.612
463.612
463.568
463.568
463.568
463.568
463.568
463.568
463.568
463.568
463.568
463.568
463.568
463.568
463.568
463.568
463.531
463.531
463.531
463.531
463.531
463.531
463.531
463.531
463.531
463.531
463.531
463.531
463.531
463.531
463.531
463.531
463.531
463.531
463.531
463.531
463.531
463.531
463.531
463.531
463.531
463.531
463.531
463.531
463.531
463.531
463.531
463.531
463.531
463.531
463.531
463.531
463.531
463.531
463.531
463.531
463.531
463.531
463.531
463.531
463.531
463.531
463.531
463.531
463.531
463.531
463.531
463.531
463.531
463.531
463.531
463.531
463.531
463.531
463.531
463.531
463.531
463.531
463.531
463.531
463.531
463.531
463.531
463.531
463.531
463.531
463.531
463.531
463.531
463.531
463.531
463.531
463.531
463.531
463.531
463.531
463.531
463.531
463.531
463.531
463.531
463.531
463.531
463.531
463.531
463.531
463.531
463.531
463.531
463.531
463.531
463.531
463.531
463.531
463.531
463.531
463.531
463.531
463.531
463.531
463.531
463.531
463.531
463.531
463.531
463.398
463.398
463.364
463.364
463.364
463.364
463.364
463.364
463.364
463.364
463.364
463.364
463.364
463.364
463.364
463.364
463.364
463.364
463.364
463.364
463.364
463.364
463.347
463.347
463.347
463.347
463.347
463.347
463.347
463.347
463.347
463.347
463.347
463.347
463.347
463.347
463.347
463.347
463.347
463.347
463.347
463.347
463.347
463.347
463.347
463.347
463.347
463.347
463.347
463.347
463.347
463.347
463.347
463.347
463.347
463.347
463.347
463.347
463.347
463.347
463.347
463.347
463.347
463.347
463.347
463.347
463.347
463.347
463.347
463.347
463.347
463.347
463.347
463.347
463.347
463.347
463.347
463.347
463.347
463.347
463.347
463.347
463.347
463.347
463.347
463.347
463.347
463.347
463.347
463.347
463.347
463.347
463.347
463.347
463.347
463.347
463.347
463.347
463.347
463.347
463.347
463.347
463.347
463.347
463.347
463.347
463.347
463.347
463.347
463.347
463.347
463.347
463.347
463.347
463.347
463.347
463.347
463.347
463.347
463.347
463.347
463.347
463.347
463.347
463.347
463.347
463.347
463.347
463.347
463.347
463.347
463.347
463.347
463.347
463.347
463.347
463.347
463.347
463.347
463.347
463.347
463.347
463.347
463.347
463.347
463.347
463.347
463.347
463.347
463.347
463.347
463.347
463.347
463.347
463.347
463.347
463.347
463.347
463.347
463.347
463.347
463.347
463.347
463.347
463.347
463.347
463.347
463.347
463.347
463.347
463.347
463.347
463.347
463.347
463.347
463.347
463.347
463.347
463.347
463.347
463.347
463.347
463.347
463.347
463.347
463.347
463.347
463.347
463.347
463.347
463.347
463.347
463.347
463.347
463.347
463.347
463.347
463.347
463.347
463.347
463.347
463.347
463.347
463.347
463.347
463.347
463.347
463.347
463.347
463.347
463.347
463.347
463.347
463.347
463.347
463.347
463.347
463.347
463.347
463.347
463.347
463.347
463.347
463.347
463.347
463.347
463.347
463.347
463.347
463.347
463.347
463.347
463.347
463.347
463.347
463.347
463.347
463.347
463.347
463.347
463.347
463.347
463.347
463.347
463.347
463.347
463.347
463.347
463.347
463.347
463.347
463.347
463.347
463.347
463.347
463.347
463.347
463.347
463.347
463.347
463.347
463.347
463.347
463.347
463.347
463.347
463.347
463.347
463.347
463.347
463.347
463.347
463.347
463.347
463.347
463.347
463.347
463.347
463.347
463.347
463.347
463.347
463.347
463.347
463.347
463.347
463.347
463.347
463.347
463.347
463.347
463.347
463.347
463.347
463.347
463.347
463.347
463.347
463.347
463.347
463.347
463.347
463.347
463.347
463.347
463.347
463.347
463.347
463.347
463.347
463.347
463.347
463.347
463.347
463.347
463.347
463.347
463.347
463.347
463.347
463.347
463.347
463.347
463.347
463.347
463.347
463.347
463.347
463.347
463.347
463.347
463.347
463.347
463.347
463.347
463.347
463.347
463.347
463.347
463.347
463.347
463.347
463.347
463.347
463.347
463.347
463.347
463.347
463.347
463.347
463.347
463.347
463.347
463.347
463.347
463.347
463.347
463.347
463.347
463.347
463.347
463.347
463.347
463.347
463.347
463.347
463.347
463.347
463.347
463.347
463.347
463.347
463.347
463.347
463.347
463.347
463.347
463.347
463.347
463.347
463.317
463.317
463.317
463.317
463.317
463.317
463.317
463.317
463.317
463.317
463.317
463.317
463.317
463.317
463.317
463.317
463.317
463.317
463.317
463.317
463.317
463.317
463.317
463.317
463.317
463.317
463.317
463.317
463.317
463.317
463.317
463.317
463.317
463.317
463.317
463.317
463.317
463.317
463.317
463.317
463.317
463.317
463.317
463.317
463.317
463.317
463.317
463.317
463.317
463.317
463.317
463.317
463.269
463.269
463.269
463.269
463.269
463.269
463.269
463.269
463.269
463.269
463.269
463.269
463.169
463.169
463.169
463.169
463.169
463.169
463.169
463.169
463.169
463.169
463.169
463.169
463.169
463.169
463.169
463.169
463.169
463.169
463.169
463.169
463.169
463.169
463.169
463.169
463.169
463.169
463.169
463.169
463.169
463.169
463.169
463.169
463.089
463.089
463.089
463.089
463.089
463.089
463.089
463.089
463.089
463.089
463.089
463.089
463.089
463.089
463.089
463.089
463.089
463.089
463.089
463.089
463.089
463.089
463.089
463.087
463.087
463.087
463.087
463.087
463.087
463.087
463.087
463.087
463.087
463.087
463.087
463.087
463.087
463.087
463.087
463.087
463.087
463.087
463.087
463.087
463.087
463.087
463.087
463.087
463.087
463.087
463.087
463.087
463.087
463.087
463.087
463.087
463.087
463.087
463.087
463.087
463.087
463.087
463.087
463.087
463.087
463.087
463.087
463.087
463.087
463.087
463.087
463.087
463.087
463.087
463.087
463.087
463.087
463.087
463.087
463.087
463.087
463.087
463.087
463.087
463.087
463.087
463.087
463.087
463.087
463.087
463.087
463.087
463.087
463.087
463.087
463.087
463.087
463.087
463.087
463.087
463.087
463.087
463.087
463.087
463.087
463.087
463.087
463.087
463.087
463.087
463.087
463.087
463.087
463.087
463.087
463.087
462.831
462.831
462.831
462.831
462.831
462.831
462.831
462.831
462.831
462.831
462.831
462.831
462.831
462.831
462.831
462.831
462.831
462.831
462.831
462.831
462.831
462.831
462.831
462.831
462.831
462.831
462.831
462.831
462.831
462.831
462.831
462.831
462.831
462.831
462.831
462.831
462.831
462.831
462.831
462.831
462.831
462.831
462.831
462.831
462.831
462.831
462.831
462.831
462.831
462.831
462.831
462.831
462.831
462.831
462.831
462.831
462.831
462.831
462.831
462.831
462.831
462.831
462.831
462.831
462.831
462.831
462.831
462.831
462.831
462.831
462.831
462.831
462.831
462.831
462.831
462.831
462.831
462.831
462.831
462.831
462.831
462.831
462.831
462.831
462.831
462.831
462.831
462.831
462.831
462.831
462.831
462.831
462.831
462.831
462.831
462.831
462.831
462.831
462.831
462.831
462.831
462.831
462.831
462.831
462.831
462.831
462.831
462.831
462.831
462.831
462.831
462.831
462.831
462.831
462.831
462.831
462.831
462.831
462.831
462.831
462.831
462.831
462.831
462.831
462.831
462.831
462.831
462.831
462.831
462.831
462.831
462.831
462.831
462.831
462.831
462.831
462.831
462.831
462.831
462.831
462.831
462.831
462.831
462.831
462.831
462.831
462.831
462.831
462.831
462.831
462.831
462.831
