1304.680430
1058.145108
1436.939564
1312.896793
1325.469021
1444.232930
1212.475263
1342.051855
1401.090796
1160.760979
1304.680430
1058.145108
1436.939564
1312.896793
1325.469021
1444.232930
1212.475263
1342.051855
1401.090796
1160.760979
Shortest path length : 1058.145108----------------------------------------------------
1565.956718
1362.033368
1392.977370
1578.973738
1491.999016
1617.345815
1593.825270
1356.589516
1459.669071
1421.115617
1565.956718
1362.033368
1392.977370
1578.973738
1491.999016
1617.345815
1593.825270
1356.589516
1459.669071
1421.115617
Shortest path length : 1356.589516----------------------------------------------------
1717.917993
1681.787808
1724.180241
1619.190398
1698.289794
1608.632322
1591.604638
1704.674729
1672.376063
1696.813284
1717.917993
1681.787808
1724.180241
1619.190398
1698.289794
1608.632322
1591.604638
1704.674729
1672.376063
1696.813284
Shortest path length : 1591.604638----------------------------------------------------
1760.864945
1819.058000
1793.635806
1852.784129
1796.372514
1761.662961
1888.671904
1724.437551
1736.491212
1786.735984
1760.864945
1819.058000
1793.635806
1852.784129
1796.372514
1761.662961
1888.671904
1724.437551
1736.491212
1786.735984
Shortest path length : 1724.437551----------------------------------------------------
1760.299237
1935.715572
1872.762330
1664.679217
1668.218629
1732.818782
1849.471197
1852.314382
1834.975162
1747.958615
1760.299237
1935.715572
1872.762330
1664.679217
1668.218629
1732.818782
1849.471197
1852.314382
1834.975162
1747.958615
Shortest path length : 1664.679217----------------------------------------------------
1832.776560
1936.390837
1810.787687
1760.179308
1804.220979
1883.262356
1863.717554
1941.431156
1867.478914
1917.419349
1832.776560
1936.390837
1810.787687
1760.179308
1804.220979
1883.262356
1863.717554
1941.431156
1867.478914
1917.419349
Shortest path length : 1760.179308----------------------------------------------------
1912.148215
1860.878394
1866.659823
1838.107533
1964.138857
1867.774752
1965.726186
1865.587373
1931.137767
1774.150126
1912.148215
1860.878394
1866.659823
1838.107533
1964.138857
1867.774752
1965.726186
1865.587373
1931.137767
1774.150126
Shortest path length : 1774.150126----------------------------------------------------
1867.935112
1904.100773
1884.397811
1995.183762
1816.551387
1917.493119
1843.744054
1885.094150
1948.872639
1967.883511
1867.935112
1904.100773
1884.397811
1995.183762
1816.551387
1917.493119
1843.744054
1885.094150
1948.872639
1967.883511
Shortest path length : 1816.551387----------------------------------------------------
1896.153576
1903.583143
1931.346124
1847.799603
1852.873320
1979.766133
1955.834334
1923.806538
1868.469224
1958.321051
1896.153576
1903.583143
1931.346124
1847.799603
1852.873320
1979.766133
1955.834334
1923.806538
1868.469224
1958.321051
Shortest path length : 1847.799603----------------------------------------------------
1915.921516
1906.514246
1859.627072
1954.173352
1995.212234
1954.064729
2003.796915
2034.393630
1859.330349
1929.087211
1915.921516
1906.514246
1859.627072
1954.173352
1995.212234
1954.064729
2003.796915
2034.393630
1859.330349
1929.087211
Shortest path length : 1859.330349----------------------------------------------------
