total length: 420.725
34
35
2
19
28
20
33
29
9
38
32
44
14
43
36
16
3
17
46
11
45
50
26
0
31
10
37
4
48
8
49
15
1
21
27
30
25
7
47
5
22
6
42
23
13
24
12
40
18
41
39

total length: 423.282
39
41
18
40
12
24
13
23
42
6
22
25
7
47
5
26
50
45
11
46
17
3
16
36
43
14
44
32
38
9
29
33
20
28
1
15
49
8
48
4
37
10
31
0
21
27
30
2
19
34
35

total length: 424.563
40
18
41
39
12
24
13
23
42
6
22
47
5
26
50
45
11
46
17
3
16
36
43
14
44
32
38
9
29
33
20
28
1
15
49
8
48
4
37
10
31
0
21
27
30
25
7
2
19
34
35

total length: 425.003
39
41
18
40
12
24
13
23
42
6
22
47
7
25
30
27
2
35
34
19
21
0
31
10
37
4
48
8
49
15
1
28
20
33
29
9
38
32
44
14
43
36
16
3
17
46
11
45
50
26
5

total length: 425.421
35
34
19
2
27
30
25
7
47
5
26
50
45
11
46
17
3
16
36
43
14
44
32
38
9
29
33
20
28
1
15
49
8
48
4
37
10
31
0
21
22
6
42
23
13
24
12
40
18
41
39

total length: 419.338
35
34
19
2
27
30
25
7
47
5
26
50
45
11
46
17
3
16
36
43
14
44
32
38
9
29
33
20
28
1
15
49
8
48
4
37
10
31
0
21
22
6
42
23
13
24
12
40
18
41
39

total length: 425.219
39
41
18
40
12
24
13
23
42
6
22
47
5
26
50
45
11
46
17
3
16
36
43
14
44
32
38
9
29
33
20
28
1
15
49
8
48
4
37
10
31
0
21
27
30
25
7
19
2
35
34

total length: 421.203
42
23
22
6
25
7
30
27
2
19
34
35
21
0
31
10
37
4
48
8
49
15
1
28
20
33
29
9
38
32
44
14
43
36
16
3
17
46
11
45
50
26
47
5
13
24
12
40
18
41
39

total length: 425.452
35
34
19
2
27
30
25
7
47
26
50
45
11
46
17
3
16
36
43
14
44
32
38
9
29
33
20
28
1
15
49
8
48
4
37
10
31
0
21
5
22
6
42
23
13
24
12
40
18
41
39

total length: 419.338
35
34
19
2
27
30
25
7
47
5
26
50
45
11
46
17
3
16
36
43
14
44
32
38
9
29
33
20
28
1
15
49
8
48
4
37
10
31
0
21
22
6
42
23
13
24
12
40
18
41
39

total length: 425.307
35
34
19
2
27
21
0
31
10
37
4
48
8
49
15
1
28
20
33
29
9
38
32
44
14
43
36
16
3
17
46
11
45
50
26
47
7
25
30
22
6
42
23
5
13
24
12
40
18
41
39

total length: 423.395
35
34
19
2
27
30
25
7
47
26
50
45
11
46
17
3
16
36
43
14
44
32
38
9
29
33
20
28
1
15
49
8
48
4
37
10
31
0
21
22
6
42
23
5
13
24
12
40
18
41
39

total length: 417.074
35
34
19
2
27
30
25
7
21
0
31
10
37
4
48
8
49
15
1
28
20
33
29
9
38
32
44
14
43
36
16
3
46
11
45
50
26
5
47
22
6
42
23
13
24
17
12
40
18
41
39

total length: 423.075
39
41
18
40
12
24
13
5
47
26
50
45
11
46
17
3
16
36
43
14
44
32
38
9
29
33
20
28
1
21
0
31
10
37
4
48
8
49
15
19
34
35
2
27
30
7
25
6
22
23
42

total length: 411.975
39
41
18
40
12
24
13
5
47
26
50
45
11
46
17
3
16
36
43
14
44
32
38
9
29
33
49
15
1
21
0
31
10
37
4
48
8
20
28
19
34
35
2
27
30
7
25
6
22
23
42

total length: 422.187
41
18
40
12
24
13
5
47
7
25
30
27
2
35
34
19
21
28
0
31
10
37
4
48
8
49
15
1
28
20
33
29
9
38
32
44
14
43
36
16
3
17
46
11
50
45
26
23
22
6
42

total length: 418.528
39
41
18
40
12
24
13
5
26
50
45
11
46
17
3
16
36
43
14
44
32
38
9
29
33
20
28
1
15
49
8
48
4
37
10
31
0
21
19
34
35
2
27
30
25
7
47
22
6
42
23

total length: 417.525
7
25
30
27
2
19
34
35
21
0
31
10
37
4
48
8
49
15
1
28
20
33
29
9
38
32
44
14
43
36
16
3
17
46
11
45
50
26
5
47
22
6
42
23
13
24
12
40
18
41
39

total length: 419.65
39
41
18
40
12
24
13
23
42
6
22
5
47
7
25
30
27
2
19
34
35
21
0
31
10
37
4
48
8
49
15
1
28
20
33
29
9
38
32
44
14
43
36
16
3
17
46
11
45
50
26

total length: 420.656
42
23
22
6
25
7
30
27
2
19
34
35
28
20
33
29
8
49
15
1
21
0
31
10
37
4
48
9
38
32
44
14
43
36
16
3
17
46
11
45
50
26
47
5
13
24
12
40
18
41
39

total length: 418.971
39
41
18
40
12
24
13
5
47
26
50
45
11
46
17
3
16
36
43
14
44
32
38
9
48
4
37
10
31
0
21
1
15
49
8
29
33
20
28
19
34
35
2
27
30
7
25
6
22
23
42

total length: 421.203
42
23
22
6
25
7
30
27
2
19
34
35
21
0
31
10
37
4
48
8
49
15
1
28
20
33
29
9
38
32
44
14
43
36
16
3
17
46
11
45
50
26
47
5
13
24
12
40
18
41
39

total length: 421.645
42
23
22
6
25
7
30
27
2
19
34
35
28
20
33
29
8
49
15
1
21
0
31
10
37
4
48
9
38
32
44
14
43
36
16
3
17
46
11
45
50
26
47
5
13
24
12
40
18
41
39

total length: 422.191
42
23
22
6
25
7
30
27
2
19
34
35
21
0
31
10
37
4
48
8
49
15
1
28
20
33
29
9
38
32
44
14
43
36
16
3
17
46
11
45
50
26
47
5
13
24
12
40
18
41
39

total length: 424.567
39
41
18
40
12
24
13
23
42
6
22
5
47
26
50
45
11
46
17
3
16
36
43
14
44
32
38
9
29
33
20
28
1
15
49
8
48
4
37
10
31
0
21
27
30
25
7
2
19
34
35

total length: 422.604
35
34
19
2
27
21
0
31
10
37
4
48
8
49
15
1
28
20
33
29
9
38
32
44
14
43
36
16
3
17
46
11
45
50
26
47
7
25
30
6
42
23
22
5
13
24
12
40
18
41
39

total length: 418.303
23
42
6
22
47
7
25
30
27
2
19
34
35
21
0
31
10
37
4
48
8
49
15
1
28
20
33
29
38
9
32
44
14
43
36
16
3
17
46
11
45
50
26
5
13
24
12
40
18
41
39

total length: 422.3
39
41
18
40
12
24
13
5
47
26
50
45
11
46
17
3
16
36
43
14
44
32
38
9
48
8
49
15
1
21
0
31
10
37
4
29
33
20
28
19
34
35
2
27
30
7
25
6
22
23
42

total length: 422.494
42
23
22
6
25
7
30
27
2
19
34
35
28
20
33
29
4
37
10
31
0
21
1
15
49
8
48
9
38
32
44
14
43
36
16
3
17
46
11
45
50
26
47
5
13
24
12
40
18
41
39

total length: 422.464
39
41
18
40
12
24
13
5
47
26
50
45
11
46
17
3
16
36
43
14
44
32
38
9
29
33
49
8
48
4
37
10
31
0
21
1
15
20
28
19
34
35
2
27
30
7
25
6
22
23
42

total length: 423.183
42
23
22
6
25
7
30
27
2
19
34
35
21
0
31
10
37
4
48
8
49
15
1
28
20
33
29
9
38
32
44
14
43
36
16
3
17
46
11
45
50
26
47
5
13
24
12
40
18
41
39

total length: 422.191
42
23
22
6
25
7
30
27
2
19
34
35
21
0
31
10
37
4
48
8
49
15
1
28
20
33
29
9
38
32
44
14
43
36
16
3
17
46
11
45
50
26
47
5
13
24
12
40
18
41
39

total length: 415.12
42
23
22
6
25
7
30
27
2
19
34
35
21
0
31
10
37
4
48
8
49
15
1
28
20
33
29
9
38
32
44
14
43
36
16
3
17
46
11
45
50
26
47
5
13
24
12
40
18
41
39

total length: 416.587
39
41
18
40
12
24
13
23
42
6
22
47
5
26
50
45
11
46
17
3
16
36
43
14
44
32
38
9
29
33
20
28
1
21
0
31
10
37
4
48
8
49
15
19
34
35
2
27
30
7
25

total length: 422.778
25
7
30
27
2
19
34
35
21
0
31
10
37
4
48
8
49
15
1
28
20
33
29
9
38
32
44
14
43
36
16
3
17
46
11
45
50
26
5
47
22
6
42
23
13
24
12
40
18
41
39

total length: 424.159
42
23
22
6
25
7
30
27
2
19
34
35
21
0
31
10
37
4
48
8
49
15
1
28
20
33
29
38
9
32
44
14
43
36
16
3
17
46
11
45
50
26
47
5
13
24
12
40
18
41
39

total length: 423.168
42
23
22
6
25
7
30
27
2
19
34
35
21
0
31
10
37
4
48
8
49
15
1
28
20
33
29
38
9
32
44
14
43
36
16
3
17
46
11
45
50
26
47
5
13
24
12
40
18
41
39

total length: 423.06
42
23
22
6
25
7
30
27
2
35
34
19
15
49
8
48
4
37
10
31
0
21
1
28
20
33
29
38
9
32
44
14
43
36
16
3
17
46
11
45
50
26
47
5
13
24
12
40
18
41
39

total length: 423.168
42
23
22
6
25
7
30
27
2
19
34
35
21
0
31
10
37
4
48
8
49
15
1
28
20
33
29
38
9
32
44
14
43
36
16
3
17
46
11
45
50
26
47
5
13
24
12
40
18
41
39

total length: 419.902
39
41
18
40
12
24
13
23
42
22
6
25
7
47
5
26
50
45
11
46
17
3
16
36
43
14
44
32
38
9
29
33
20
28
1
15
49
8
48
4
37
10
31
0
21
27
30
2
19
34
35

total length: 425.709
39
41
18
40
12
24
13
5
47
26
50
45
11
46
17
3
16
36
43
14
44
32
38
9
48
8
49
15
1
28
20
33
29
4
37
10
31
0
21
19
34
35
2
27
30
7
25
6
22
23
42

total length: 418.464
39
41
18
40
12
46
11
45
50
26
47
5
13
24
17
3
16
36
43
14
44
32
38
9
48
4
37
10
31
0
21
1
15
49
8
29
33
20
28
19
34
35
2
27
30
7
25
6
22
23
42

total length: 424.938
40
18
41
39
12
24
13
5
47
26
50
45
11
46
17
3
16
36
43
14
44
32
38
9
48
4
37
10
31
0
21
1
15
49
8
29
33
20
28
19
34
35
2
27
30
7
25
6
22
23
42

total length: 423.553
39
41
18
40
12
17
24
13
5
47
26
50
45
11
46
3
16
36
43
14
44
32
38
9
48
4
37
10
31
0
21
1
15
49
8
29
33
20
28
19
34
35
2
27
30
7
25
6
22
23
42

total length: 423.342
42
5
47
26
50
45
11
46
3
16
36
43
14
44
32
38
9
48
4
37
10
31
0
21
1
15
49
8
29
33
20
28
19
34
35
2
27
30
7
25
6
22
23
13
24
17
12
40
18
41
39

total length: 425.784
39
41
18
40
12
17
24
13
5
47
26
50
45
11
46
3
16
36
43
14
44
32
38
9
48
4
37
10
31
0
21
1
15
49
8
29
33
20
28
19
34
35
2
27
30
7
25
6
22
23
42

total length: 422.231
25
7
30
27
2
19
34
35
28
20
33
29
8
49
15
1
21
0
31
10
37
4
48
9
38
32
44
14
43
36
16
3
17
46
11
45
50
26
5
47
22
6
42
23
13
24
12
40
18
41
39

total length: 417.326
23
42
6
22
47
7
25
30
27
2
19
34
35
21
0
31
10
37
4
48
8
49
15
1
28
20
33
29
9
38
32
44
14
43
36
16
3
17
46
11
45
50
26
5
13
24
12
40
18
41
39

total length: 417.909
5
26
50
45
11
46
17
3
16
36
43
14
44
32
38
9
48
8
49
15
1
21
0
31
10
37
4
29
33
20
28
19
34
35
2
27
30
25
7
47
22
6
42
23
13
24
12
40
18
41
39

total length: 425.557
7
25
30
27
2
19
34
35
28
20
33
29
8
49
15
1
21
0
31
10
37
4
48
9
38
32
44
14
43
36
16
3
17
46
11
45
50
26
47
5
22
6
42
23
13
24
12
40
18
41
39

total length: 425.041
7
25
30
27
2
19
34
35
28
20
33
29
8
49
15
1
21
0
31
10
37
4
48
9
38
32
44
14
43
36
16
3
17
46
11
45
50
26
5
47
22
6
42
23
13
24
12
40
18
41
39

total length: 423.918
5
26
50
45
11
46
17
3
16
36
43
14
44
32
38
9
48
4
37
10
31
0
21
1
15
49
8
29
33
20
28
19
34
35
2
27
30
25
7
47
22
6
42
23
13
24
12
40
18
41
39

total length: 417.525
7
25
30
27
2
19
34
35
21
0
31
10
37
4
48
8
49
15
1
28
20
33
29
9
38
32
44
14
43
36
16
3
17
46
11
45
50
26
5
47
22
6
42
23
13
24
12
40
18
41
39

total length: 421.884
39
41
18
40
12
24
13
5
26
50
45
11
46
17
3
16
36
43
14
44
32
38
9
48
4
37
10
31
0
21
1
15
49
8
29
33
20
28
19
34
35
2
27
30
25
7
47
22
6
42
23

total length: 422.359
5
26
50
45
11
46
17
3
16
36
43
14
44
32
38
9
48
4
37
10
31
0
21
1
15
49
8
29
33
20
28
19
34
35
2
27
30
25
7
47
22
6
42
23
13
24
12
40
18
41
39

total length: 425.424
26
50
45
11
46
17
3
16
36
43
14
44
32
38
9
48
4
37
10
31
0
21
1
15
49
8
29
33
20
28
19
34
35
2
27
30
25
7
47
5
23
42
6
22
13
24
12
40
18
41
39

total length: 422.389
47
5
26
50
45
11
46
17
3
16
36
43
14
44
32
38
9
48
4
37
10
31
0
21
1
15
49
8
29
33
20
28
19
34
35
2
27
30
25
7
22
6
42
23
13
24
12
40
18
41
39

total length: 424.05
7
25
30
27
2
19
34
35
28
20
33
29
8
49
15
1
21
0
31
10
37
4
48
9
38
32
44
14
43
36
16
3
17
46
11
45
50
26
5
47
22
6
42
23
13
24
12
40
18
41
39

total length: 422.073
5
26
50
45
11
46
17
3
16
36
43
14
44
32
38
9
48
4
37
10
31
0
21
1
15
49
8
29
33
20
28
19
34
35
2
27
30
25
7
47
22
6
42
23
13
24
12
40
18
41
39

total length: 414.007
16
36
43
14
44
32
38
9
48
4
37
10
31
0
21
1
15
49
8
29
33
20
28
19
34
35
2
27
30
25
7
47
5
26
50
45
11
46
17
5
3
41
18
40
12
24
13
23
42
6
22

total length: 422.389
47
5
26
50
45
11
46
17
3
16
36
43
14
44
32
38
9
48
4
37
10
31
0
21
1
15
49
8
29
33
20
28
19
34
35
2
27
30
25
7
22
6
42
23
13
24
12
40
18
41
39

total length: 423.851
25
7
47
5
26
50
45
11
46
17
3
16
36
43
14
44
32
38
9
48
4
37
10
31
0
21
1
15
49
8
29
33
20
28
19
34
35
2
27
30
22
6
42
23
13
24
12
40
18
41
39

total length: 417.777
39
41
18
40
12
24
13
23
42
6
22
47
5
26
50
45
11
46
17
3
16
36
43
14
44
32
38
9
48
4
37
10
31
0
21
1
15
49
8
29
33
20
28
19
34
35
2
27
30
25
7

total length: 421.376
39
41
18
40
12
24
13
23
42
6
22
47
5
26
50
45
11
46
17
3
16
36
43
14
44
32
38
9
48
4
37
10
31
0
21
1
15
49
8
29
33
20
28
19
34
35
2
27
30
25
7

total length: 423.882
5
26
50
45
11
46
17
3
16
36
43
14
44
32
38
9
48
4
37
10
31
0
21
1
15
49
8
29
33
20
28
19
34
35
2
27
30
25
7
47
22
6
42
23
13
24
12
40
18
41
39

total length: 415.797
39
41
18
40
12
24
13
23
42
6
22
47
5
26
50
45
11
46
17
3
16
36
43
14
44
32
38
9
48
4
37
10
31
0
21
1
15
49
8
29
33
20
28
19
34
35
2
27
30
25
7

total length: 424.05
7
25
30
27
2
19
34
35
28
20
33
29
8
49
15
1
21
0
31
10
37
4
48
9
38
32
44
14
43
36
16
3
17
46
11
45
50
26
5
47
22
6
42
23
13
24
12
40
18
41
39

total length: 421.376
39
41
18
40
12
24
13
23
42
6
22
47
5
26
50
45
11
46
17
3
16
36
43
14
44
32
38
9
48
4
37
10
31
0
21
1
15
49
8
29
33
20
28
19
34
35
2
27
30
25
7

total length: 425.429
50
45
11
46
17
3
16
36
43
14
44
32
38
9
48
4
37
10
31
0
21
1
15
49
8
29
33
20
28
19
34
35
2
27
30
25
7
47
5
26
22
6
42
23
13
24
12
40
18
41
39

total length: 422.073
5
26
50
45
11
46
17
3
16
36
43
14
44
32
38
9
48
4
37
10
31
0
21
1
15
49
8
29
33
20
28
19
34
35
2
27
30
25
7
47
22
6
42
23
13
24
12
40
18
41
39

total length: 418.91
26
50
45
11
46
17
3
16
36
43
14
44
32
38
9
48
4
37
10
31
0
21
1
15
49
8
29
33
20
28
19
34
35
2
27
30
25
7
47
5
22
6
42
23
13
24
12
40
18
41
39

total length: 423.922
26
50
45
11
46
17
3
16
36
43
14
44
32
38
9
48
4
37
10
31
0
21
1
15
49
8
29
33
20
28
19
34
35
2
27
30
25
7
47
5
22
6
42
23
13
24
12
40
18
41
39

total length: 421.797
39
41
18
40
12
24
13
23
42
6
22
47
5
26
50
45
11
46
17
3
16
36
43
14
44
32
38
9
48
4
37
10
31
0
21
1
15
49
8
29
33
20
28
19
34
35
2
27
30
25
7

total length: 424.325
5
26
50
45
11
46
17
3
16
36
43
14
44
32
38
9
48
4
37
10
31
0
21
1
15
49
8
29
33
20
28
35
34
19
2
27
30
25
7
47
22
6
42
23
13
24
12
40
18
41
39

total length: 425.316
39
41
18
40
12
24
13
23
42
6
22
47
7
25
30
27
2
19
34
35
28
20
33
29
8
49
15
1
21
0
31
10
37
4
48
9
38
32
44
14
43
36
16
3
17
46
11
45
50
26
5

total length: 416.979
7
25
30
27
2
19
34
35
28
20
33
29
8
49
15
1
21
0
31
10
37
4
48
9
38
32
44
14
43
36
16
3
17
46
11
45
50
26
5
47
22
6
42
23
13
24
12
40
18
41
39

total length: 409.99
5
26
50
45
11
46
17
3
16
36
43
14
44
32
38
9
48
4
37
10
31
0
21
1
15
49
8
29
33
20
28
19
34
35
2
27
30
25
7
47
22
6
42
23
13
24
12
40
18
41
39

total length: 424.44
50
45
11
46
17
3
16
36
43
14
44
32
38
9
48
4
37
10
31
0
21
1
15
49
8
29
33
20
28
19
34
35
2
27
30
25
7
47
5
26
22
6
42
23
13
24
12
40
18
41
39

total length: 421.651
5
26
50
45
11
46
17
3
16
36
43
14
44
32
38
9
48
4
37
10
31
0
21
1
15
49
8
29
33
20
28
19
34
35
2
27
30
25
7
47
22
6
42
23
13
24
12
40
18
41
39

total length: 423.882
5
26
50
45
11
46
17
3
16
36
43
14
44
32
38
9
48
4
37
10
31
0
21
1
15
49
8
29
33
20
28
19
34
35
2
27
30
25
7
47
22
6
42
23
13
24
12
40
18
41
39

total length: 423.882
5
26
50
45
11
46
17
3
16
36
43
14
44
32
38
9
48
4
37
10
31
0
21
1
15
49
8
29
33
20
28
19
34
35
2
27
30
25
7
47
22
6
42
23
13
24
12
40
18
41
39

total length: 425.449
39
41
18
40
12
24
13
23
42
6
22
47
5
26
50
45
11
46
17
3
16
36
43
14
44
32
9
38
29
33
20
28
1
15
49
8
48
4
37
10
31
0
21
27
30
7
25
2
19
34
35

total length: 423.044
39
41
18
40
12
24
13
23
42
6
22
47
5
26
50
45
11
46
17
3
16
36
43
14
44
32
9
38
29
33
20
28
1
15
49
8
48
4
37
10
31
0
21
27
30
25
7
2
19
34
35

total length: 422.056
39
41
18
40
12
24
13
23
42
6
22
47
5
26
50
45
11
46
17
3
16
36
43
14
44
32
9
38
29
33
20
28
1
15
49
8
48
4
37
10
31
0
21
27
30
25
7
2
19
34
35

total length: 423.044
39
41
18
40
12
24
13
23
42
6
22
47
5
26
50
45
11
46
17
3
16
36
43
14
44
32
9
38
29
33
20
28
1
15
49
8
48
4
37
10
31
0
21
27
30
25
7
2
19
34
35

total length: 423.044
39
41
18
40
12
24
13
23
42
6
22
47
5
26
50
45
11
46
17
3
16
36
43
14
44
32
9
38
29
33
20
28
1
15
49
8
48
4
37
10
31
0
21
27
30
25
7
2
19
34
35

total length: 423.044
39
41
18
40
12
24
13
23
42
6
22
47
5
26
50
45
11
46
17
3
16
36
43
14
44
32
9
38
29
33
20
28
1
15
49
8
48
4
37
10
31
0
21
27
30
25
7
2
19
34
35

total length: 421.601
35
34
19
2
21
27
30
25
7
47
5
26
50
45
11
46
17
3
16
36
43
14
44
32
9
38
29
33
20
28
1
15
49
8
48
4
37
10
31
0
22
6
42
23
13
24
12
40
18
41
39

total length: 417.757
19
34
35
2
27
30
25
7
21
0
31
10
37
4
48
8
49
15
1
28
20
33
29
9
38
32
44
14
43
36
16
3
17
46
11
45
50
26
5
47
22
6
42
23
13
24
12
40
18
41
39

total length: 424.588
19
34
35
2
27
30
25
7
47
5
26
50
45
11
46
17
3
16
36
43
14
44
32
9
38
29
33
20
28
1
15
49
8
48
4
37
10
31
0
21
22
6
42
23
13
24
12
40
18
41
39

total length: 423.035
40
18
41
39
12
24
13
23
42
6
22
47
5
26
50
45
11
46
17
3
16
36
43
14
44
32
9
38
29
33
20
28
1
15
49
8
48
4
37
10
31
0
21
7
25
30
27
2
19
34
35

total length: 422.056
39
41
18
40
12
24
13
23
42
6
22
47
5
26
50
45
11
46
17
3
16
36
43
14
44
32
9
38
29
33
20
28
1
15
49
8
48
4
37
10
31
0
21
27
30
25
7
2
19
34
35

total length: 424.035
39
41
18
40
12
24
13
23
42
6
22
47
5
26
50
45
11
46
17
3
16
36
43
14
44
32
9
38
29
33
20
28
1
15
49
8
48
4
37
10
31
0
21
27
30
25
7
2
19
34
35

total length: 421.022
35
34
19
2
27
30
25
7
47
5
26
50
45
11
46
17
3
16
36
43
14
44
32
9
38
29
33
20
28
1
15
49
8
48
4
37
10
31
0
21
6
22
42
23
13
24
12
40
18
41
39

total length: 415.973
39
41
18
40
12
24
13
23
42
6
22
47
5
26
50
45
11
46
17
3
16
36
43
14
44
32
9
38
29
33
20
28
1
15
49
8
48
4
37
10
31
0
21
27
30
25
7
2
19
34
35

total length: 423.04
19
34
35
2
27
30
25
7
21
0
31
10
37
4
48
8
49
15
1
28
20
33
29
38
9
32
44
14
43
36
16
3
17
46
11
45
50
26
5
47
22
6
42
23
13
24
12
40
18
41
39

total length: 422.056
39
41
18
40
12
24
13
23
42
6
22
47
5
26
50
45
11
46
17
3
16
36
43
14
44
32
9
38
29
33
20
28
1
15
49
8
48
4
37
10
31
0
21
27
30
25
7
2
19
34
35

total length: 415.973
39
41
18
40
12
24
13
23
42
6
22
47
5
26
50
45
11
46
17
3
16
36
43
14
44
32
9
38
29
33
20
28
1
15
49
8
48
4
37
10
31
0
21
27
30
25
7
2
19
34
35

total length: 425.549
47
7
25
30
27
34
35
2
19
21
0
31
10
37
4
48
8
49
15
1
28
20
33
29
9
38
32
44
14
43
36
16
3
17
46
11
45
50
26
5
22
6
42
23
13
24
12
40
18
41
39

total length: 424.759
5
26
50
45
11
46
17
3
16
36
43
14
44
32
9
38
29
33
20
28
34
35
2
19
1
15
49
8
48
4
37
10
31
0
21
27
30
25
7
47
22
6
42
23
13
24
12
40
18
41
39

total length: 423.044
39
41
18
40
12
24
13
23
42
6
22
47
5
26
50
45
11
46
17
3
16
36
43
14
44
32
9
38
29
33
20
28
1
15
49
8
48
4
37
10
31
0
21
27
30
25
7
2
19
34
35

total length: 425.421
35
34
19
2
27
30
25
7
47
5
26
50
45
11
46
17
3
16
36
43
14
44
32
38
9
29
33
20
28
1
15
49
8
48
4
37
10
31
0
21
22
6
42
23
13
24
12
40
18
41
39

total length: 424.872
5
26
50
45
11
46
17
3
16
36
43
14
44
32
38
9
29
33
20
28
1
15
49
8
48
4
37
10
31
0
21
35
34
19
2
27
30
25
7
47
22
6
42
23
13
24
12
40
18
41
39

total length: 424.773
39
41
18
40
12
24
13
23
22
6
42
47
5
26
50
45
11
46
17
3
16
36
43
14
44
32
38
9
29
33
20
28
1
15
49
8
48
4
37
10
31
0
21
27
30
25
7
2
19
34
35

total length: 419.991
5
26
50
45
11
46
17
3
16
36
43
14
44
32
38
9
29
33
20
28
1
15
49
8
48
4
37
10
31
0
21
19
34
35
2
27
30
25
7
47
22
6
42
23
13
24
12
40
18
41
39

total length: 418.625
39
41
18
40
12
24
13
5
26
50
45
11
46
17
3
16
36
43
14
44
32
38
9
29
33
20
28
1
15
49
8
48
4
37
10
31
0
21
7
47
22
23
42
6
25
30
27
2
19
34
35

total length: 423.608
7
25
30
27
2
19
34
35
21
0
31
10
37
4
48
8
49
15
1
28
20
33
29
9
38
32
44
14
43
36
16
3
17
46
11
45
50
26
5
47
22
6
42
23
13
24
12
40
18
41
39

total length: 424.596
7
25
30
27
2
19
34
35
21
0
31
10
37
4
48
8
49
15
1
28
20
33
29
9
38
32
44
14
43
36
16
3
17
46
11
45
50
26
5
47
22
6
42
23
13
24
12
40
18
41
39

total length: 419.338
35
34
19
2
27
30
25
7
47
5
26
50
45
11
46
17
3
16
36
43
14
44
32
38
9
29
33
20
28
1
15
49
8
48
4
37
10
31
0
21
22
6
42
23
13
24
12
40
18
41
39

total length: 423.621
5
26
50
45
11
46
17
3
16
36
43
14
44
32
38
9
29
33
49
8
48
4
37
10
31
0
21
1
15
20
28
19
34
35
2
27
30
25
7
47
22
6
42
23
13
24
12
40
18
41
39

total length: 425.849
19
34
35
2
25
7
30
27
21
0
31
10
37
4
48
8
49
15
1
28
20
33
29
38
9
32
44
14
43
36
16
3
17
46
11
50
45
26
5
47
22
6
42
23
13
24
12
40
18
41
39

total length: 421.577
39
41
18
40
12
24
13
23
42
6
22
47
5
26
45
50
11
46
17
3
16
36
43
14
44
32
9
38
29
33
20
28
1
15
49
8
48
4
37
10
31
0
21
27
30
7
25
2
19
34
35

total length: 425.965
25
7
30
27
2
19
34
35
21
0
31
10
37
4
48
8
49
15
1
28
20
33
29
38
9
32
44
14
43
36
16
3
17
46
11
50
45
26
5
47
22
6
42
23
13
24
12
40
18
41
39

total length: 404.305
38
32
44
14
43
41
27
18
40
12
24
13
5
26
50
45
11
46
17
3
16
36
4
37
10
31
0
21
1
15
49
8
48
9
29
33
20
28
19
34
35
2
27
30
25
7
47
22
6
42
23

total length: 421.73
39
41
18
40
12
24
13
5
26
50
45
11
46
17
3
16
36
43
14
44
32
38
9
29
33
49
15
1
21
0
31
10
37
4
48
8
20
28
19
34
35
2
27
30
25
7
47
6
22
23
42

total length: 419.338
35
34
19
2
27
30
25
7
47
5
26
50
45
11
46
17
3
16
36
43
14
44
32
38
9
29
33
20
28
1
15
49
8
48
4
37
10
31
0
21
22
6
42
23
13
24
12
40
18
41
39

total length: 423.229
39
41
18
40
12
24
13
23
42
6
22
5
47
7
25
30
27
21
0
31
10
37
4
48
8
49
15
1
28
20
33
29
9
38
32
44
14
43
36
16
3
17
46
11
45
50
26
2
19
34
35

total length: 421.202
39
41
18
40
12
24
13
5
47
26
50
45
11
46
17
3
16
36
43
14
44
32
38
9
48
4
37
10
31
0
21
1
15
49
8
29
33
20
28
19
34
35
2
27
30
7
25
6
22
23
42

total length: 423.283
39
41
18
40
12
24
13
5
47
26
50
45
11
46
17
3
16
36
43
14
44
32
38
9
48
4
37
10
31
0
21
1
15
49
8
29
33
20
28
19
34
35
2
27
30
7
25
6
22
42
23

total length: 418.971
39
41
18
40
12
24
13
5
47
26
50
45
11
46
17
3
16
36
43
14
44
32
38
9
48
4
37
10
31
0
21
1
15
49
8
29
33
20
28
19
34
35
2
27
30
7
25
6
22
23
42

total length: 419.679
39
41
18
40
12
24
13
5
47
26
50
45
11
46
17
3
16
36
43
14
44
32
38
9
48
4
37
10
31
0
21
1
15
49
8
29
33
20
28
19
34
35
2
27
30
7
25
6
22
23
42

total length: 419.679
42
23
22
6
25
7
30
27
2
35
34
19
28
20
33
29
8
49
15
1
21
0
31
10
37
4
48
9
38
32
44
14
43
36
16
3
17
46
11
45
50
26
47
5
13
24
12
40
18
41
39

total length: 421.312
39
41
18
40
12
24
13
5
47
26
50
45
11
46
17
3
16
36
43
14
44
32
38
9
48
8
49
15
1
21
0
31
10
37
4
29
33
20
28
19
34
35
2
27
30
7
25
6
22
23
42

total length: 419.679
42
23
22
6
25
7
30
27
2
35
34
19
28
20
33
29
8
49
15
1
21
0
31
10
37
4
48
9
38
32
44
14
43
36
16
3
17
46
11
45
50
26
47
5
13
24
12
40
18
41
39

total length: 425.959
39
41
18
40
12
24
13
5
47
26
50
45
11
46
17
3
16
36
43
14
44
32
38
9
48
8
49
15
28
20
33
29
4
37
10
31
0
21
1
19
34
35
2
27
30
7
25
6
22
23
42

total length: 423.046
39
41
18
40
12
24
13
5
47
26
50
45
11
46
17
3
16
36
43
14
44
32
4
37
10
31
0
21
1
15
49
8
48
9
38
29
33
20
28
19
34
35
2
27
30
7
25
6
22
23
42

total length: 422.3
39
41
18
40
12
24
13
5
47
26
50
45
11
46
17
3
16
36
43
14
44
32
38
9
48
8
49
15
1
21
0
31
10
37
4
29
33
20
28
19
34
35
2
27
30
7
25
6
22
23
42

total length: 420.656
42
23
22
6
25
7
30
27
2
19
34
35
28
20
33
29
8
49
15
1
21
0
31
10
37
4
48
9
38
32
44
14
43
36
16
3
17
46
11
45
50
26
47
5
13
24
12
40
18
41
39

total length: 422.3
39
41
18
40
12
24
13
5
47
26
50
45
11
46
17
3
16
36
43
14
44
32
38
9
48
8
49
15
1
21
0
31
10
37
4
29
33
20
28
19
34
35
2
27
30
7
25
6
22
23
42

total length: 414.38
42
23
22
6
25
7
30
27
2
35
34
19
28
20
33
29
8
49
15
1
21
0
31
10
37
4
48
9
38
32
44
14
43
36
16
3
17
46
11
45
50
26
47
5
13
24
12
40
18
41
39

total length: 414.38
39
41
18
40
12
24
13
5
47
26
50
45
11
46
17
3
16
36
43
14
44
32
38
9
48
4
37
10
31
0
21
1
15
49
8
29
33
20
28
19
34
35
2
27
30
7
25
6
22
23
42

total length: 417.597
42
23
22
6
25
7
30
27
2
19
34
35
1
21
0
31
10
37
4
48
8
49
15
28
20
33
29
9
38
32
44
14
43
36
16
3
17
46
11
45
50
26
47
5
13
24
12
40
18
41
39

total length: 419.392
39
41
18
40
12
24
13
5
47
26
50
45
11
46
17
3
16
36
43
14
44
32
38
9
48
4
37
10
31
0
21
1
15
49
8
29
33
20
28
19
34
35
2
27
30
7
25
6
22
23
42

total length: 418.971
39
41
18
40
12
24
13
5
47
26
50
45
11
46
17
3
16
36
43
14
44
32
38
9
48
4
37
10
31
0
21
1
15
49
8
29
33
20
28
19
34
35
2
27
30
7
25
6
22
23
42

total length: 422.997
39
41
18
40
12
24
13
5
47
26
50
45
11
46
17
3
16
36
43
14
44
32
38
9
48
4
37
10
31
0
21
1
15
49
8
29
33
20
28
19
34
35
2
27
30
7
25
6
22
42
23

total length: 418.971
42
23
22
6
25
7
30
27
2
35
34
19
28
20
33
29
8
49
15
1
21
0
31
10
37
4
48
9
38
32
44
14
43
36
16
3
17
46
11
45
50
26
47
5
13
24
12
40
18
41
39

total length: 422.3
39
41
18
40
12
24
13
5
47
26
50
45
11
46
17
3
16
36
43
14
44
32
38
9
48
8
49
15
1
21
0
31
10
37
4
29
33
20
28
19
34
35
2
27
30
7
25
6
22
23
42

total length: 419.351
22
23
42
6
25
7
30
27
2
35
34
19
28
20
33
29
8
49
15
1
21
0
31
10
37
4
48
9
38
32
44
14
43
36
16
3
17
46
11
45
50
26
47
5
13
24
12
40
18
41
39

total length: 421.312
42
23
22
6
25
7
30
27
2
35
34
19
28
20
33
29
4
37
10
31
0
21
1
15
49
8
48
9
38
32
44
14
43
36
16
3
17
46
11
45
50
26
47
5
13
24
12
40
18
41
39

total length: 425.91
39
41
18
40
12
24
13
5
47
26
50
45
11
46
17
3
16
36
43
14
44
32
38
9
48
4
37
10
31
0
21
1
15
49
8
29
33
20
28
19
34
35
2
27
30
7
25
6
22
23
42

total length: 425.91
39
41
18
40
12
24
13
5
47
26
50
45
11
46
17
3
16
36
43
14
44
32
38
9
48
4
37
10
31
0
21
1
15
49
8
29
33
20
28
19
34
35
2
27
30
7
25
6
22
23
42

total length: 419.679
42
23
22
6
25
7
30
27
2
35
34
19
28
20
33
29
8
49
15
1
21
0
31
10
37
4
48
9
38
32
44
14
43
36
16
3
17
46
11
45
50
26
47
5
13
24
12
40
18
41
39

total length: 425.561
6
22
23
42
25
7
30
27
2
35
34
19
28
20
33
29
8
49
15
1
21
0
31
10
37
4
48
9
38
32
44
14
43
36
16
3
17
46
11
45
50
26
47
5
13
24
12
40
18
41
39

total length: 423.292
39
41
18
40
12
24
13
5
47
26
50
45
11
46
17
3
16
36
43
14
44
32
38
9
48
8
49
15
1
21
0
31
10
37
4
29
33
20
28
19
34
35
2
27
30
7
25
6
22
23
42

total length: 423.292
39
41
18
40
12
24
13
5
47
26
50
45
11
46
17
3
16
36
43
14
44
32
38
9
48
8
49
15
1
21
0
31
10
37
4
29
33
20
28
19
34
35
2
27
30
7
25
6
22
23
42

total length: 415.229
39
41
18
40
12
24
13
5
47
26
50
45
11
46
17
3
16
36
43
14
44
32
38
9
48
8
49
15
1
21
0
31
10
37
4
29
33
20
28
19
34
35
2
27
30
7
25
6
22
23
42

total length: 422.3
39
41
18
40
12
24
13
5
47
26
50
45
11
46
17
3
16
36
43
14
44
32
38
9
48
8
49
15
1
21
0
31
10
37
4
29
33
20
28
19
34
35
2
27
30
7
25
6
22
23
42

total length: 425.711
39
41
18
40
12
24
13
5
47
26
50
45
11
46
17
3
16
36
43
14
44
32
38
9
4
37
10
31
0
21
1
15
49
8
48
29
33
20
28
19
34
35
2
27
30
7
25
6
22
23
42

total length: 423.219
25
7
30
27
2
19
34
35
28
20
33
29
8
49
15
1
21
0
31
10
37
4
48
9
38
32
44
14
43
36
16
3
17
46
11
45
50
26
5
47
22
6
42
23
13
24
12
40
18
41
39

total length: 416.804
39
41
18
40
12
24
13
23
42
6
22
47
5
26
50
45
11
46
17
3
16
36
43
14
44
32
38
9
48
8
49
15
1
21
0
31
10
37
4
29
33
20
28
19
34
35
2
27
30
7
25

