63.451
64.4902
64.902
65.2745
65.7451
65.9804
66.2941
66.6275
66.8235
67.1569
67.6863
67.9608
68.0588
68.451
68.7059
68.7451
68.9804
69.2549
69.5098
69.7843
70.0588
70.3137
70.4706
70.5098
70.7843
71
71.3333
71.4314
71.7255
71.8627
72.0196
72.1373
72.3333
72.4902
72.6471
72.8235
72.9608
73.098
73.2157
73.4706
73.6275
73.7255
73.8039
74.0784
74.1569
74.2549
74.5098
74.6471
74.8235
75.0392
75.1961
75.3529
75.4118
75.549
75.6078
75.7059
75.9804
76.0784
76.2353
76.3137
76.549
76.6667
76.7647
76.7843
76.8431
76.9412
77
77.098
77.2941
77.3529
77.3922
77.5294
77.6275
77.7647
77.8235
77.8824
77.9804
78.0784
78.2745
78.3137
78.3922
78.451
78.5098
78.549
78.6863
78.7647
78.8235
78.902
78.9412
79.0196
79.098
79.2157
79.2745
79.2745
79.3333
79.4706
79.5686
79.6863
79.7059
79.7843
79.9412
80
80.1569
80.1569
80.2549
80.2745
80.2745
80.2941
80.3137
80.3137
80.4314
80.4902
80.549
80.5686
80.5882
80.7255
80.8824
81
81.0784
81.098
81.1569
81.2941
81.2941
81.3922
81.4314
81.5098
81.5686
81.6078
81.6863
81.7255
81.7647
81.8235
81.8431
81.8824
81.9412
82
82.0784
82.1765
82.2157
82.2353
82.2941
82.3333
82.3725
82.451
82.5098
82.549
82.5882
82.6078
82.6078
82.6667
82.6863
82.7059
82.7255
82.7843
82.8235
82.9216
82.9412
82.9608
82.9608
83
83.0196
83.0392
83.1373
83.2157
83.2941
83.3529
83.3725
83.451
83.451
83.451
83.451
83.4706
83.4706
83.4902
83.549
83.5686
83.5686
83.6471
83.6863
83.7255
83.7255
83.7647
83.8039
83.8235
83.8431
83.8824
83.9216
83.9412
83.9804
84
84.0392
84.098
84.1765
84.2157
84.2353
84.2549
84.2745
84.2745
84.2745
84.2745
84.2941
84.2941
84.3137
84.3529
84.3922
84.3922
84.4118
84.4314
84.4706
84.4706
84.4706
84.4706
84.4902
84.5294
84.549
84.5686
84.5882
84.6275
84.6471
84.6863
84.6863
84.7451
84.7451
84.7647
84.7647
84.7843
84.7843
84.7843
84.7843
84.8824
84.9412
85.0196
85.0392
85.0588
85.0784
85.0784
85.1176
85.1765
85.1961
85.1961
85.2353
85.3137
85.3333
85.3725
85.4118
85.4118
85.4314
85.4314
85.451
85.4706
85.4706
85.4706
85.5294
85.549
85.5686
85.5882
85.6078
85.6275
85.6667
85.6863
85.7059
85.7647
85.7647
85.8431
85.8627
85.8824
85.902
85.9216
85.9216
85.9608
85.9804
86.0196
86.0196
86.0784
86.2157
86.2549
86.2941
86.3529
86.3529
86.3529
86.3529
86.3529
86.3725
86.3922
86.3922
86.4118
86.451
86.4902
86.4902
86.4902
86.4902
86.4902
86.5098
86.5294
86.5294
86.549
86.549
86.5686
86.5882
86.6275
86.6863
86.7451
86.7647
86.7647
86.8039
86.8039
86.8235
86.8235
86.8235
86.8431
86.8431
86.8431
86.8627
86.8824
86.9216
86.9216
86.9608
86.9608
86.9608
86.9608
86.9804
87
87.0392
87.0392
87.0784
87.0784
87.0784
87.0784
87.0784
87.098
87.1176
87.1176
87.1176
87.1373
87.1765
87.2157
87.2157
87.2157
87.2745
87.2745
87.2941
87.3137
87.3529
87.3922
87.3922
87.4118
87.4118
87.4314
87.4706
87.4902
87.4902
87.5098
87.5098
87.549
87.5882
87.5882
87.6275
87.6667
87.7255
87.7647
87.7843
87.8039
87.8039
87.8039
87.8431
87.8627
87.902
87.9216
87.9412
87.9804
88.0392
88.0392
88.0588
88.098
88.1373
88.2157
88.2157
88.2157
88.2549
88.2745
88.2745
88.3529
88.3725
88.3725
88.3922
88.3922
88.3922
88.3922
88.451
88.451
88.451
88.4902
88.5098
88.5098
88.5294
88.5294
88.5294
88.549
88.549
88.6078
88.6275
88.6471
88.6471
88.6667
88.6667
88.6863
88.7059
88.7059
88.7255
88.7451
88.7451
88.7451
88.7647
88.7647
88.7647
88.7647
88.7843
88.7843
88.8039
88.8235
88.8627
88.8627
88.8824
88.8824
88.8824
88.8824
88.8824
88.8824
88.8824
88.8824
88.8824
88.902
88.902
88.9608
88.9804
89.0392
89.0392
89.0588
89.098
89.098
89.1176
89.1176
89.1569
89.2157
89.2157
89.2353
89.2549
89.2745
89.3137
89.3529
89.3529
89.3529
89.3725
89.4118
89.4118
89.4118
89.4118
89.4118
89.4706
89.4706
89.4902
89.5294
89.5294
89.5294
89.549
89.549
89.549
89.549
89.549
89.549
89.5686
89.5686
89.5686
89.5882
89.6078
89.6471
89.6667
89.6667
89.7059
89.7255
89.7255
89.7451
89.7451
89.7451
89.7451
89.7451
89.7843
89.7843
89.8039
89.8431
89.8431
89.8824
89.9216
89.9216
89.9216
89.9216
89.9608
89.9608
89.9608
89.9608
90
90
90
90
90
90.0392
90.0588
90.0588
90.098
90.1176
90.1373
90.1373
90.1373
90.1373
90.1373
90.1373
90.1569
90.1765
90.1961
90.1961
90.1961
90.2157
90.2157
90.2157
90.2549
90.2549
90.2549
90.2549
90.2941
90.3137
90.3333
90.3725
90.3922
90.3922
90.4314
90.4314
90.4314
90.4314
90.4314
90.451
90.5098
90.5294
90.5686
90.5686
90.5882
90.5882
90.5882
90.5882
90.5882
90.5882
90.6275
90.6471
90.6471
90.6667
90.7059
90.7059
90.7059
90.7059
90.7255
90.7255
90.7255
90.7255
90.7255
90.7451
90.7451
90.7451
90.7647
90.7647
90.7647
90.7647
90.7843
90.7843
90.8431
90.8431
90.8431
90.8431
90.8627
90.8627
90.8824
90.902
90.902
90.9216
90.9216
90.9216
90.9412
90.9412
90.9412
90.9412
90.9412
91
91
91.0196
91.0196
91.0392
91.0392
91.0784
91.098
91.098
91.098
91.098
91.1176
91.1176
91.1176
91.1373
91.1373
91.1373
91.1373
91.1373
91.1373
91.1569
91.1569
91.1765
91.1961
91.1961
91.1961
91.1961
91.1961
91.1961
91.1961
91.2157
91.2157
91.2157
91.2157
91.2157
91.2353
91.2353
91.2549
91.2745
91.3137
91.3137
91.3529
91.3529
91.3529
91.3529
91.3725
91.3725
91.3725
91.3725
91.3725
91.3725
91.3725
91.3922
91.4314
91.4314
91.451
91.451
91.451
91.4706
91.4706
91.4902
91.4902
91.4902
91.5098
91.5098
91.5098
91.5294
91.549
91.549
91.549
91.549
91.5686
91.5686
91.5882
91.5882
91.6078
91.6471
91.6863
91.6863
91.7059
91.7059
91.7255
91.7255
91.7255
91.7255
91.7451
91.7451
91.7647
91.7647
91.7843
91.8039
91.8039
91.8039
91.8039
91.8235
91.8235
91.8235
91.8235
91.8431
91.8431
91.8627
91.8627
91.9216
91.9412
91.9412
91.9412
91.9608
91.9608
91.9608
91.9608
91.9608
91.9608
91.9608
91.9608
91.9608
91.9804
92
92.0196
92.0392
92.0588
92.0588
92.0588
92.0784
92.0784
92.0784
92.1176
92.1373
92.1373
92.1569
92.1569
92.1765
92.1765
92.1961
92.1961
92.1961
92.1961
92.1961
92.1961
92.1961
92.2157
92.2157
92.2353
92.2353
92.2353
92.2353
92.2353
92.2353
92.2353
92.2353
92.2353
92.2353
92.2353
92.2549
92.2745
92.2745
92.2941
92.3137
92.3333
92.3333
92.3333
92.3333
92.3333
92.3333
92.3333
92.3333
92.3529
92.3529
92.3529
92.3529
92.3529
92.3725
92.3725
92.3725
92.3725
92.3725
92.4118
92.4118
92.4118
92.4314
92.4314
92.4314
92.4314
92.451
92.451
92.451
92.451
92.451
92.451
92.451
92.451
92.451
92.4706
92.4706
92.4706
92.4706
92.4706
92.4706
92.4902
92.4902
92.4902
92.5098
92.5098
92.5098
92.5098
92.5098
92.549
92.549
92.549
92.549
92.549
92.549
92.549
92.549
92.549
92.5686
92.5686
92.5686
92.5686
92.5686
92.5686
92.5686
92.5686
92.5686
92.5686
92.5686
92.5686
92.5686
92.5882
92.5882
92.5882
92.5882
92.5882
92.5882
92.5882
92.5882
92.5882
92.5882
92.5882
92.6078
92.6078
92.6078
92.6275
92.6275
92.6275
92.6275
92.6275
92.6275
92.6275
92.6275
92.6275
92.6471
92.6471
92.6471
92.6471
92.6667
92.6863
92.6863
92.6863
92.6863
92.6863
92.6863
92.6863
92.6863
92.6863
92.6863
92.6863
92.6863
92.6863
92.6863
92.6863
92.7059
92.7059
92.7059
92.7059
92.7059
92.7059
92.7059
92.7059
92.7059
92.7059
92.7059
92.7059
92.7059
92.7059
92.7059
92.7059
92.7059
92.7059
92.7451
92.7843
92.7843
92.7843
92.7843
92.7843
92.8039
92.8039
92.8039
92.8039
92.8039
92.8039
92.8039
92.8039
92.8235
92.8431
92.8824
92.8824
92.8824
92.9216
92.9216
92.9216
92.9216
92.9216
92.9216
92.9216
92.9216
92.9412
92.9412
92.9412
92.9608
92.9608
92.9608
92.9608
92.9608
92.9608
92.9608
92.9608
92.9608
92.9608
92.9804
93.0392
93.0392
93.0392
93.0392
93.0392
93.0392
93.0392
93.0392
93.0784
93.0784
93.0784
93.0784
93.0784
93.0784
93.0784
93.0784
93.098
93.1373
93.1373
93.1373
93.1373
93.1569
93.1765
93.1765
93.1765
93.1765
93.1765
93.1765
93.1765
93.2157
93.2157
93.2157
93.2157
93.2157
93.2157
93.2157
93.2157
93.2157
93.2157
93.2157
93.2353
93.2353
93.2353
93.2353
93.2549
93.2549
93.2745
93.2745
93.2745
93.2745
93.2745
93.2745
93.2745
93.2745
93.3137
93.3137
93.3333
93.3529
93.3529
93.3529
93.3529
93.3529
93.3529
93.3725
93.3922
93.3922
93.3922
93.3922
93.3922
93.3922
93.3922
93.3922
93.3922
93.3922
93.3922
93.3922
93.3922
93.3922
93.4118
93.4118
93.4118
93.4118
