49.5333
49.3667
49.5
49.4333
49.4667
49.5667
49.5667
49.5
49.7
49.5667
49.4667
49.4333
49.5667
49.6333
49.6333
49.5333
49.5333
49.5
49.4667
49.5667
49.3667
49.3333
49.6667
49.6667
49.6333
49.7667
49.5333
49.6333
49.5333
49.6333
49.7
49.6333
49.6667
49.7333
49.8333
49.5667
49.7333
49.6333
49.7333
49.4667
49.6667
49.5667
49.6
49.5667
49.6333
49.5333
49.3667
49.5333
49.6667
49.4
49.4
49.7333
49.5333
49.4667
49.6667
49.5333
49.6
49.5667
49.6
49.7667
49.6
49.7
50.0333
49.8
49.8667
50.0333
49.8667
49.9
49.6
49.5667
49.7333
49.7
50.0333
49.8667
49.9333
49.8667
49.8333
49.8
49.8
49.8333
49.6
49.9333
50
50.1667
49.7667
50.2333
49.5
50.0333
49.9333
50.1333
49.8667
50.4333
50.0667
50.1
49.9
50.0667
49.8
50.0667
49.7667
49.9
49.9
50.0667
49.9
50.2
50.1
50.1
50.1667
50.1667
50.1
50.2
50.4
50.4333
50.1333
50.3667
50.1333
50.2667
49.8667
50.3667
50.3
50.3333
50.1667
50.4
50.5
50.1
50.3667
50.3333
50.3333
50.3333
50.4333
50.3333
50.3667
50.5
50.8333
50.7667
50.8
50.8
50.6333
50.7
50.7
50.6
50.7667
50.7667
50.7
50.9
50.8667
50.9
50.9667
50.7667
50.8333
50.7333
50.7667
50.9
50.9333
51
50.9333
50.9667
51
51.0333
51.0333
51.1
51.1333
51.1667
51.1667
51.1333
51.1333
51.1667
51.1667
51.1667
51.1667
51.2
51.2333
51.2333
51.2333
51.2333
51.2333
51.2333
51.2333
51.2333
51.2667
51.2667
51.2667
51.2667
51.2667
51.2667
51.2667
51.2667
51.2667
51.2667
51.2667
51.2667
51.2667
51.2667
51.2667
51.2667
51.2667
51.2667
51.2667
51.2667
51.2667
51.2667
51.2667
51.2667
51.2667
51.2667
51.2667
51.2667
51.2667
51.2667
51.2667
51.2667
51.2667
51.2667
51.2667
51.2667
51.2667
51.2667
51.2667
51.2667
51.2667
51.2667
51.2667
51.2667
51.2667
51.2667
51.2667
51.2667
51.2667
51.2667
51.2667
51.2667
51.2667
51.2667
51.2667
51.2667
51.2667
51.2667
51.2667
51.2667
51.2667
51.2667
51.2667
51.2667
51.2667
51.2667
51.2667
51.2667
51.2667
51.2667
51.2667
51.2667
51.2667
51.2667
51.2667
51.2667
51.2667
51.2667
51.2667
51.2667
51.2667
51.2667
51.2667
51.2667
51.2667
51.2667
51.2667
51.2667
51.2667
51.2667
51.2667
51.2667
51.2667
51.2667
51.2667
51.2667
51.2667
51.2667
51.2667
51.2667
51.2667
51.2667
51.2667
51.2667
51.2667
51.2667
51.2667
51.2667
51.2667
51.2667
51.2667
51.2667
51.2667
51.2667
51.2667
51.2667
51.2667
51.2667
51.2667
51.2667
51.2667
51.2667
51.2667
51.2667
51.2667
51.2667
51.2667
51.2667
51.2667
51.2667
51.2667
51.2667
51.2667
51.2667
51.2667
51.2667
51.2667
51.2667
51.2667
51.2667
51.2667
51.2667
51.2667
51.2667
51.2667
51.2667
51.2667
51.2667
51.2667
51.2667
51.2667
51.2667
51.2667
51.2667
51.2667
51.2667
51.2667
51.2667
51.2667
51.2667
51.2667
51.2667
51.2667
51.2667
51.2667
51.2667
51.2667
51.2667
51.2667
51.2667
51.2667
51.2667
51.2667
51.2667
51.2667
51.2667
51.2667
51.2667
51.2667
51.2667
51.2667
51.2667
51.2667
51.2667
51.2667
51.2667
51.2667
51.2667
51.2667
51.2667
51.2667
51.2667
51.2667
51.2667
51.2667
51.2667
51.2667
51.2667
51.2667
51.2667
51.2667
51.2667
51.2667
51.2667
51.2667
51.2667
51.2667
51.2667
51.2667
51.2667
51.2667
51.2667
51.2667
51.2667
51.2667
51.2667
51.2667
51.2667
51.2667
51.2667
51.2667
51.2667
51.2667
51.2667
51.2667
51.2667
51.2667
51.2667
51.2667
51.2667
51.2667
51.2667
51.2667
51.2667
51.2667
51.2667
51.2667
51.2667
51.2667
51.2667
51.2667
51.2667
51.2667
51.2667
51.2667
51.2667
51.2667
51.2667
51.2667
51.2667
51.2667
51.2667
51.2667
51.2667
51.2667
51.2667
51.2667
51.2667
51.2667
51.2667
51.2667
51.2667
51.2667
51.2667
51.2667
51.2667
51.2667
51.2667
51.2667
51.2667
51.2667
51.2667
51.2667
51.2667
51.2667
51.2667
51.2667
51.2667
51.2667
51.2667
51.2667
51.2667
51.2667
51.2667
51.2667
51.2667
51.2667
51.2667
51.2667
51.2667
51.2667
51.2667
51.2667
51.2667
51.2667
51.2667
51.2667
51.2667
51.2667
51.2667
51.2667
51.2667
51.2667
51.2667
51.2667
51.2667
51.2667
51.2667
51.2667
51.2667
51.2667
51.2667
51.2667
51.2667
51.2667
51.2667
51.2667
51.2667
51.2667
51.2667
51.2667
51.2667
51.2667
51.2667
51.2667
51.2667
51.2667
51.2667
51.2667
51.2667
51.2667
51.2667
51.2667
51.2667
51.2667
51.2667
51.2667
51.2667
51.2667
51.2667
51.2667
51.2667
51.2667
51.2667
51.2667
51.2667
51.2667
51.2667
51.2667
51.2667
51.2667
51.2667
51.2667
51.2667
51.2667
51.2667
51.2667
51.2667
51.2667
51.2667
51.2667
51.2667
51.2667
51.2667
51.2667
51.2667
51.2667
51.2667
51.2667
51.2667
51.2667
51.2667
51.2667
51.2667
51.2667
51.2667
51.2667
51.2667
51.2667
51.2667
51.2667
51.2667
51.2667
51.2667
51.2667
51.2667
51.2667
51.2667
51.2667
51.2667
51.2667
51.2667
51.2667
51.2667
51.2667
51.2667
51.2667
51.2667
51.2667
51.2667
51.2667
51.2667
51.2667
51.2667
51.2667
51.2667
51.2667
51.2667
51.2667
51.2667
51.2667
51.2667
51.2667
51.2667
51.2667
51.2667
51.2667
51.2667
51.2667
51.2667
51.2667
51.2667
51.2667
51.2667
51.2667
51.2667
51.2667
51.2667
51.2667
51.2667
51.2667
51.2667
51.2667
51.2667
51.2667
51.2667
51.2667
51.2667
51.2667
51.2667
51.2667
51.2667
51.2667
51.2667
51.2667
51.2667
51.2667
51.2667
51.2667
51.2667
51.2667
51.2667
51.2667
51.2667
51.2667
51.2667
51.2667
51.2667
51.2667
51.2667
51.2667
51.2667
51.2667
51.2667
51.2667
51.2667
51.2667
51.2667
51.2667
51.2667
51.2667
51.2667
51.2667
51.2667
51.2667
51.2667
51.2667
51.2667
51.2667
51.2667
51.2667
51.2667
51.2667
51.2667
51.2667
51.2667
51.2667
51.2667
51.2667
51.2667
51.2667
51.2667
51.2667
51.2667
51.2667
51.2667
51.2667
51.2667
51.2667
51.2667
51.2667
51.2667
51.2667
51.2667
51.2667
51.2667
51.2667
51.2667
51.2667
51.2667
51.2667
51.2667
51.2667
51.2667
51.2667
51.2667
51.2667
51.2667
51.2667
51.2667
51.2667
51.2667
51.2667
51.2667
51.2667
51.2667
51.2667
51.2667
51.2667
51.2667
51.2667
51.2667
51.2667
51.2667
51.2667
51.2667
51.2667
51.2667
51.2667
51.2667
51.2667
51.2667
51.2667
51.2667
51.2667
51.2667
51.2667
51.2667
51.2667
51.2667
51.2333
51.2333
51.2333
51.2333
51.2333
51.2333
51.2333
51.2333
51.2333
51.2333
51.2333
51.2333
51.2333
51.2333
51.2333
51.2333
51.2333
51.2333
51.2333
51.2333
51.2333
51.2333
51.2333
51.2333
51.2333
51.2333
51.2333
51.2333
51.2667
51.2667
51.2667
51.2667
51.2667
51.2667
51.2667
51.2667
51.2667
51.2667
51.2667
51.2667
51.2667
51.2667
51.2667
51.2667
51.2667
51.2667
51.2667
51.2667
51.2667
51.2667
51.2667
51.2667
51.2667
51.2667
51.2667
51.2667
51.2667
51.2667
51.2667
51.2667
51.2667
51.2667
51.2667
51.2667
51.2667
51.2667
51.2667
51.2667
51.2667
51.2667
51.2667
51.2667
51.2667
51.2667
51.2667
51.2667
51.2667
51.2667
51.2667
51.2667
51.2667
51.2667
51.2667
51.2667
51.2667
51.2667
51.2667
51.2667
51.2667
51.2667
51.2667
51.2667
51.2667
51.2667
51.2667
51.2667
51.2667
51.2667
51.2667
51.2667
51.2667
51.2667
51.2667
51.2667
51.2667
51.2667
51.2667
51.2667
51.2667
51.2667
51.2667
51.2667
51.2667
51.2667
51.2667
51.2667
51.2667
51.2667
51.2667
51.2667
51.2667
51.2667
51.2667
51.2667
51.2667
51.2667
51.2667
51.2667
51.2667
51.2667
51.2667
51.2667
51.2667
51.2667
51.2667
51.2667
51.2667
51.2667
51.2667
51.2667
51.2667
51.2667
51.2667
51.2667
51.2667
51.2667
51.2667
51.2667
51.2667
51.2667
51.2667
51.2667
51.2667
51.2667
51.2667
51.2667
51.2667
51.2667
51.2667
51.2667
51.2667
51.2667
51.2667
51.2667
51.2667
51.2667
51.2667
51.2667
51.2667
51.2667
51.2667
51.2667
51.2667
51.2667
51.2667
51.2667
51.2667
51.2667
51.2667
51.2667
51.2667
51.2667
51.2667
51.2667
51.2667
51.2667
51.2667
51.2667
51.2667
51.2667
51.2667
51.2667
51.2667
51.2667
51.2667
51.2667
51.2667
51.2667
51.2667
51.2667
51.2667
51.2667
51.2667
51.2667
51.2667
51.2667
51.2667
51.2667
51.2667
51.2667
51.2667
51.2667
51.2667
51.2667
51.2667
51.2667
51.2667
51.2667
51.2667
51.2667
51.2667
51.2667
51.2667
51.2667
51.2667
51.2667
51.2667
51.2667
51.2667
51.2667
51.2667
51.2667
51.2667
51.2667
51.2667
51.2667
51.2667
51.2667
51.2667
51.2667
51.2667
51.2667
51.2667
51.2667
51.2667
51.2667
51.2667
51.2667
51.2667
51.2667
51.2667
51.2667
51.2667
51.2333
51.2667
51.2667
51.2667
51.2667
51.2667
51.2667
51.2667
51.2667
51.2667
51.2667
51.2667
51.2667
51.2667
51.2667
51.2667
51.2667
51.2667
51.2667
