-235.371 97.7594 
22.7681 122.013 
-334.161 -191.378 
56.0193 -35.5242 
75.6079 -429.046 
597.603 38.6586 
-113.006 100.914 
439.843 -290.195 
-346.431 182.855 
437.69 547.456 
336.456 320.695 
-336.561 -304.688 
-568.869 580.694 
223.696 312.371 
-179.269 93.7899 
-181.284 497.918 
462.441 -460.278 
-267.6 -49.7543 
291.471 458.241 
-292.485 -329.76 
146.018 -237.727 
417.924 160.735 
20.6566 296.98 
454.36 -190.526 
-29.1275 -289.833 
-61.3241 293.998 
-453.381 -318.254 
-420.601 -529.612 
298.724 480.757 
-541.868 -231.455 
-50.0181 174.405 
-62.377 89.9606 
586.624 -35.8698 
-338.142 -496.74 
373.469 -430.823 
179.077 316.61 
554.752 234.945 
472.14 -445.58 
-230.166 543.847 
-273.651 136.323 
333.746 157.455 
-29.5654 -40.1763 
356.878 217.993 
281.681 -3.53722 
-565.653 98.9415 
598.671 10.7691 
-551.233 -494.053 
-517.725 512.771 
-140.702 -222.725 
132.331 -243.657 
227.649 -426.236 
-31.4649 516.078 
-296.397 194.163 
-373.731 21.5916 
-594.596 304.305 
378.977 -154.903 
177.955 -259.388 
43.8817 379.295 
204.177 -257.537 
-91.3896 570.569 
-549.239 -144.12 
568.215 436.423 
211.29 -338.691 
-198.361 449.159 
-218.686 -78.4934 
-340.4 259.33 
400.398 475.123 
-121.835 285.365 
-5.09339 -403.089 
599.147 -84.3335 
-244.435 548.471 
-424.769 -45.582 
-559.864 582.53 
468.354 -198.51 
-332.238 -181.8 
586.263 -305.753 
-206.254 -535.62 
83.3136 -229.64 
545.439 -593.013 
212.402 -107.158 
395.16 -166.509 
245.875 -227.688 
371.585 334.041 
326.064 -352.589 
-449.062 -557.055 
-195.843 298.398 
267.04 61.6384 
477.081 -267.455 
-262.835 301.773 
272.781 273.312 
-280.352 -378.178 
-242.497 249.908 
169.257 -300.498 
-190.096 285.38 
384.439 294.097 
-476.257 599.352 
-493.832 454.96 
-37.8089 -218.326 
174.151 220.936 
-227.437 2.81693 
-73.5388 -386.328 
-342.594 284.377 
-142.455 -129.174 
459.164 -475.521 
-308.488 -357.73 
220.958 -252.128 
-111.114 -422.674 
451.925 61.7476 
241.532 348.647 
-86.1112 75.629 
238.847 0.939067 
258.654 557.743 
-517.457 235.743 
-25.998 -584.45 
-416.719 442.459 
-488.99 325.682 
-66.6938 -67.4573 
-210.029 577.673 
408.783 493.486 
-116.343 73.6354 
-537.24 -597.637 
211.03 208.523 
218.547 -480.554 
320.167 224.277 
-545.061 370.287 
265.128 467.397 
-533.594 -599.748 
-545.465 525.647 
-256.51 578.606 
35.656 -221.066 
-37.2352 -377.662 
437.258 53.1179 
-103.998 130.671 
-82.7069 343.795 
102.254 -399.557 
-106.162 -504.295 
-2.38996 -102.341 
15.309 -353.365 
-73.1883 148.145 
-47.2883 -302.264 
-101.64 -295.07 
497.456 -583.456 
133.872 -173.194 
-356.143 494.04 
488.139 82.5136 
-113.174 525.097 
400.336 -309.734 
422.823 60.043 
243.082 -393.139 
54.8286 -214.983 
-161.137 352.604 
-302.007 521.583 
-152.001 -18.4258 
435.75 -345.542 
449.163 -520.28 
59.5877 269.199 
-266.053 494.914 
-29.915 288.145 
-373.216 -83.3595 
-467.23 -275.093 
534.464 464.314 
582.81 -258.047 
-352.064 -56.8618 
320.76 -42.6236 
-84.1261 54.768 
-497.728 405.434 
-70.5957 -556.665 
234.673 -226.406 
-543.636 -6.51381 
281.084 -583.357 
-539.608 573.816 
445.281 45.8718 
150.58 -526.728 
570.729 -11.5084 
217.746 -424.675 
-582.499 30.9526 
-204.048 119.467 
181.372 199.142 
-461.95 -483.133 
210.738 47.9637 
28.9904 -433.15 
202.98 -362.332 
-350.959 -60.4834 
34.5171 -59.7619 
25.6009 -55.3706 
-343.28 459.288 
11.9915 559.451 
-480.187 245.201 
241.865 -263.333 
-182.641 -510.913 
-532.182 294.669 
127.352 -486.728 
-588.024 370.961 
-266.871 -464.075 
419.132 -113.531 
-124.58 -46.3568 
-340.086 26.2793 
142.983 326.097 
349.839 94.3593 
-448.223 -543.064 
339.323 316.104 
457.199 -551.031 
-180.332 377.68 
-279.142 -116.47 
-344.697 -508.76 
164.235 -257.357 
-13.3735 -478.077 
-256.764 -34.162 
-519.472 233.554 
184.231 379.859 
357.622 460.222 
-586.847 499.41 
587.319 333.815 
-382.33 -49.0026 
379.909 -388.732 
239.751 -428.623 
222.558 -296.303 
-251.192 285.16 
486.946 65.0494 
-413.642 436.839 
-76.0716 -322.663 
-277.666 321.619 
-122.326 -52.049 
581.13 256.097 
238.284 -394.247 
-523.093 -480.036 
318.556 576.208 
-240.699 510.158 
69.6294 -588.423 
-582.598 -102.031 
-476.071 11.6975 
192.543 296.142 
241.824 387.399 
225.402 236.632 
385.112 463.909 
-448.111 108.853 
169.089 457.849 
154.255 196.267 
-273.626 -589.729 
264.02 274.303 
5.52637 -337.819 
-190.41 279.889 
-562.471 -301.518 
-346.152 -298.527 
422.596 71.8964 
-86.7346 397.407 
-191.982 -586.392 
-444.368 559.164 
-1.86565 -449.99 
-249.736 1.43788 
234.872 -52.281 
297.751 455.194 
481.043 218.38 
-244.473 461.259 
161.851 376.289 
586.085 -434.699 
-455.227 -357.406 
129.198 -263.183 
-381.695 -521.941 
-594.415 -575.579 
-143.923 -28.375 
550.605 -0.478601 
-88.858 -571.571 
-597.126 53.7228 
-586.53 -357.837 
115.031 273.166 
459.576 150.615 
40.2853 539.231 
-459.724 -199.886 
-200.986 -76.846 
-203.533 586.691 
-76.6004 -420.882 
9.93749 -492.2 
-443.529 -497.833 
-167.142 -456.757 
-516.503 318.971 
428.952 -461.574 
-292.459 420.353 
352.683 212.285 
279.748 133.744 
21.1629 -336.99 
-128.389 -73.7604 
-522.806 -371.313 
132.997 433.117 
-106.741 305.872 
98.6063 448.535 
-558.113 -442.214 
152.702 -197.447 
-131.112 -218.088 
248.837 -530.649 
-505.124 -585.755 
-341.359 564.054 
574.085 306.161 
-176.763 -268.402 
-599.773 -345.666 
-73.229 58.2805 
324.581 -155.036 
-382.555 -225.077 
-227.846 143.5 
-363.446 414.104 
-68.0352 -517.56 
156.833 -593.328 
-355.188 -441.088 
519.182 506.166 
432.814 -402.355 
530.792 -90.137 
-383.244 49.3496 
-453.612 338.713 
403.772 34.5546 
2.12574 14.8784 
588.183 518.234 
-323.702 -583.516 
456.083 484.802 
283.76 593.94 
407.166 -55.1688 
-131.782 160.643 
338.312 453.412 
-465.029 552.409 
25.4881 5.15895 
51.8261 -37.5589 
457.518 10.4955 
-479.689 -273.58 
-90.761 -321.826 
128.534 -113.606 
48.7697 453.284 
-184.204 21.7572 
568.768 35.5471 
-344.419 -177.635 
-448.414 -48.4916 
-139.883 -501.087 
-5.58293 113.272 
592.54 112.463 
355.792 65.6081 
-196.315 326.958 
-323.325 524.362 
-480.577 -494.883 
427.195 -346.479 
-233.976 -585.145 
488.662 215.953 
-307.17 201.485 
-113.141 -533.209 
532.407 -56.8554 
-133.666 -324.782 
-575.116 -8.0978 
569.608 -464.762 
36.7404 492.43 
-41.7686 -41.439 
-239.897 340.284 
-22.2225 -596.785 
-235.312 -454.404 
92.9538 236.611 
1.11245 -118.407 
143.251 -71.9408 
575.791 207.405 
-74.2243 -115.847 
-73.2962 -85.4707 
274.296 36.0914 
-508.349 492.438 
-543.896 221.812 
413.909 -264.993 
580.17 -358.67 
-162.077 325.72 
157.982 -52.2441 
-490.492 -458.689 
594.328 379.075 
53.2695 -498.508 
-571.255 407.091 
587.555 -594.287 
238.254 30.5493 
434.513 314.424 
-211.542 432.571 
-99.8809 -528.211 
266.483 225.881 
-128.708 300.857 
-405.092 569.927 
141.589 476.415 
-337.109 -395.09 
598.415 -184.003 
-362.276 -394.955 
-528.478 214.864 
-524.876 451.399 
-187.281 -568.616 
134.199 -383.974 
54.9813 393.022 
238.189 156.698 
-52.8494 89.5553 
-406.77 10.7671 
-585.372 -163.167 
-297.578 -399.826 
-479.51 -257.041 
545.323 -173.697 
-499.037 -553.301 
-283.633 -443.396 
-94.9152 597.301 
-428.73 -402.568 
458.007 -523.851 
-12.6357 -67.3523 
560.681 317.374 
478.597 290.464 
493.389 -76.8619 
-93.9646 196.144 
-237.175 52.3797 
-186.438 439.736 
-95.3327 -95.5095 
-458.527 173.518 
-92.4362 -42.6492 
288.383 -441.108 
-401.988 120.887 
-187.649 -355.768 
503.463 471.503 
365.831 266.921 
-62.6132 543.018 
-154.823 -291.621 
-494.632 531.652 
-471.541 -39.4748 
-566.534 -470.356 
-334.048 -87.6001 
-193.155 -326.243 
305.188 -210.265 
-308.611 485.688 
237.821 349.51 
-525.308 229.242 
340.161 432.734 
521.543 67.0578 
249.474 -177.559 
-507.426 157.845 
464.377 393.368 
195.773 396.526 
40.7975 50.3945 
54.5417 -306.688 
-339.737 336.949 
489.301 146.258 
540.392 342.874 
562.126 -57.9506 
-417.622 -60.6328 
-525.041 -192.973 
-523.402 62.4536 
-431.183 3.75828 
-150.931 203.967 
-371.252 0.805955 
487.566 445.922 
433.912 -271.973 
-282.61 -72.9068 
-490.272 303.894 
443.012 314.332 
-529.427 225.438 
-575.498 -168.875 
-420.284 -220.154 
-148.92 140.913 
214.827 54.9675 
-462.855 270.899 
-180.093 -583.35 
452.574 -163.138 
-137.165 -15.0689 
153.893 368.789 
473.733 -405.33 
240.274 -55.8811 
-245.748 159.956 
461.286 -202.309 
584.955 -485.106 
-553.032 -537.179 
508.943 322.473 
-117.952 3.09584 
-493.137 -89.465 
-517.35 254.697 
487.154 574.244 
279.417 -494.28 
530.709 538.505 
-591.497 -43.149 
-141.195 325.929 
557.714 -84.4485 
49.0723 -554.267 
-257.318 276.241 
274.904 133.315 
483.113 254.938 
166.636 271.219 
595.939 429.022 
124.055 -149.337 
55.0954 201.979 
-540.909 -535.05 
122.483 335.125 
250.818 -85.1283 
-79.9957 -152.754 
-354.556 -326.457 
-200.843 71.2725 
275.143 -352.588 
344.367 -519.936 
452.295 412.057 
305.211 376.527 
519.557 426.82 
307.037 -170.973 
-202.747 -513.239 
-71.3782 375.488 
-275.949 581.564 
-551.483 345.576 
-261.581 526.147 
-318.179 -399.389 
-22.9193 587.784 
599.9 -102.05 
-526.246 -195.162 
63.1017 -587.431 
167.183 -472.175 
332.253 -308.326 
-559.338 -106.976 
-537.685 -432.136 
572.215 164.202 
383.351 -482.291 
341.104 -338.931 
82.3689 -409.558 
-518.539 -555.604 
-227.648 -192.27 
191.955 -402.518 
-68.2931 54.8511 
511.51 -15.3936 
-315.096 181.021 
357.786 100.163 
-510.079 -219.127 
-200.525 -355.831 
-213.624 323.872 
-5.94038 -513.62 
507.786 -533.858 
-546.483 491.669 
513.588 -99.8247 
223.446 -18.6353 
-432.289 -344.352 
-100.548 369.853 
-116.364 61.0277 
179.828 -90.9392 
-322.793 -522.081 
112.425 -92.8334 
52.5238 264.517 
439.137 87.8137 
401.958 -345.886 
101.596 175.717 
-370.115 -62.3166 
-39.5768 -61.343 
-492.133 399.971 
69.6914 271.105 
-467.948 61.8118 
-131.301 252.436 
367.755 344.19 
11.0231 37.2663 
-127.784 -138.419 
32.3651 80.5142 
121.987 465.649 
506.455 451.009 
271.207 -160.365 
148.791 192.651 
321.073 11.8626 
-32.5548 -88.4136 
-315.803 -598.147 
30.6792 346.724 
-166.689 468.778 
-433.767 -449.05 
497.149 175.532 
-233.064 84.8811 
-229.81 296.892 
-471.829 -218.09 
-407.396 94.353 
513.755 -307.304 
86.4045 -103.739 
-578.444 -363.735 
-320.757 -254.602 
-566.967 -60.4269 
33.4514 321.456 
-494.314 62.1659 
341.369 348.463 
194.485 282.117 
-441.203 162.967 
187.888 -437.605 
386.158 481.002 
-350.181 447.961 
-482.455 134.441 
-396.026 44.0782 
-144.067 -433.994 
-68.497 -355.418 
-285.644 457.014 
-177.303 -370.503 
-489.535 512.635 
-253.144 -430.912 
-281.091 -361.775 
258.805 38.8954 
-264.409 590.566 
468.97 12.7756 
57.9782 -508.172 
-321.709 485.873 
452.396 547.422 
-236.253 375.922 
421.278 467.401 
246.35 368.942 
34.2779 -596.632 
252.915 494.214 
-217.175 -458.662 
171.918 519.031 
173.504 370.209 
384.952 -61.9228 
110.92 247.649 
180.375 341.641 
524.14 -267.031 
-358.22 538.959 
452.771 -145.257 
-270.789 -488.87 
245.58 -337.987 
271.11 -255.083 
-570.597 -326.767 
-266.545 377.853 
5.08264 -539.275 
-176.055 337.665 
-90.6793 -55.5917 
-466.898 443.708 
-575.583 580.254 
-436.108 537.13 
-338.259 3.94293 
-297.324 -151.176 
39.901 556.5 
568.473 226.425 
-291.475 45.2855 
355.369 126.932 
-528.917 252.795 
18.9588 2.20812 
-590.139 -214.723 
-87.4217 16.8489 
-39.8069 420.529 
-415.746 -158.723 
-447.233 -353.027 
-248.951 574.896 
-510.128 75.5432 
243.996 -514.043 
203.26 -189.508 
-481.592 100.909 
549.837 -598.075 
429.285 -427.094 
-386.991 -170.279 
-204.802 -433.931 
-22.5113 -281.446 
-411.745 -323.404 
-288.492 355.726 
119.844 -220.665 
-389.139 563.611 
278.403 136.167 
480.387 152.46 
313.384 384.243 
318.098 274.952 
467.133 -437.016 
-252.778 420.929 
-345.505 -260.028 
102.922 90.2987 
-268.905 595.302 
308.294 -380.809 
94.4737 -589.783 
-454.997 29.966 
-506.419 124.322 
-107.142 -571.832 
255.482 -432.056 
549.803 215.906 
98.1208 364.17 
-142.622 19.5536 
-366.688 347.643 
330.153 115.197 
260.531 -159.688 
397.82 -256.072 
34.8633 569.669 
-436.691 537.476 
-157.943 -172.925 
532.866 -523.299 
374.462 -304.245 
410.341 153.95 
245.807 44.451 
558.407 -38.2786 
-261.87 507.738 
49.8404 83.4121 
-495.133 387.78 
-430.233 61.2193 
494.65 -348.117 
-267.59 240.695 
356.134 172.129 
-66.6027 -110.248 
387.887 -240.072 
52.4789 -570.748 
529.649 562.442 
243.254 250.745 
-313.566 -561.537 
567.566 585.133 
452.63 -317.377 
-381.916 -72.6585 
-115.085 336.703 
568.976 79.4189 
-528.14 -582.073 
-323.856 -352.338 
-427.004 -378.417 
494.182 -212.77 
-341.667 -304.022 
-108.671 329.412 
409.711 586.47 
-565.723 145.182 
105.474 148.236 
459.781 -363.574 
89.9413 -432.836 
-534.48 591.843 
357.925 -544.948 
-565.058 -350.796 
2.56113 245.969 
-335.596 -420.803 
-106.951 -393.546 
-141.294 491.342 
400.676 93.3114 
460.016 -302.936 
364.483 223.925 
-347.275 491.819 
367.157 543.553 
-263.777 158.811 
-80.3686 369.601 
375.077 137.017 
-143.308 539.166 
-480.831 -539.491 
-288.858 420.191 
-139.457 11.7531 
594.726 463.143 
118.737 152.609 
410.555 -225.693 
240.165 -429.353 
-255.144 -319.262 
-345.779 7.4104 
-365.428 308.782 
-274.232 543.808 
364.176 94.8763 
280.848 -584.255 
-312.848 -417.695 
141.36 360.436 
-339.844 458.578 
227.238 305.919 
398.225 -555.932 
-496.328 -304.712 
-397.898 459.876 
188.06 194.278 
-543.502 422.486 
-589.415 -360.034 
-10.6493 481.91 
-143.266 -394.371 
76.6107 -287.542 
129.607 -277.042 
67.4194 564.132 
-427.355 -510.115 
-437.675 70.2982 
252.358 591.992 
86.048 -388.585 
428.466 -197.303 
-66.6178 -177.902 
-374.987 -364.957 
381.04 -401.7 
508.97 463.328 
-11.9889 491.137 
-187.278 -285.608 
-285.846 317.007 
-531.899 -10.5689 
562.383 452.236 
-440.668 550.442 
145.253 -201.743 
186.57 -145.389 
-318.819 88.109 
317.005 -212.647 
-441.769 528.587 
-443.003 168.415 
-456.76 -535.263 
-273.545 -245.303 
319.273 8.15993 
111.072 -431.164 
386.407 -67.9197 
-378.109 583.216 
116.008 -579.041 
-479.947 49.6276 
8.40466 -373.934 
-279.709 -181.495 
25.383 -78.7496 
-554.512 -432.568 
41.3857 -121.884 
-171.649 521.551 
87.9768 260.509 
61.7386 -544.065 
176.242 -283.26 
384.268 0.383656 
496.83 -147.597 
63.2596 27.383 
-310.948 432.981 
409.69 -311.84 
355.482 -496.538 
-452.887 -408.688 
349.97 539.969 
-9.5294 277.435 
299.592 234.551 
-11.8786 -398.44 
-435.313 -149.174 
-446.954 -569.161 
111.641 -68.9984 
-590.841 394.248 
102.59 387.357 
498.4 -566.585 
-412.405 182.721 
137.444 -237.625 
199.018 171.754 
55.8784 -437.129 
210.906 -569.803 
-562.429 106.693 
238.673 41.0797 
204.971 91.5169 
-387.291 -504.919 
381.054 -152.26 
-423.714 332.728 
599.098 261.077 
187.153 315.521 
-333.877 580.17 
29.606 292.691 
193.802 -170.645 
134.21 565.494 
-490.893 163.557 
-269.153 -319.894 
571.07 34.2371 
280.615 -237.444 
-598.442 68.1954 
227.036 248.096 
395.461 -117.817 
-154.391 567.494 
183.362 450.127 
510.265 -466.089 
206.177 -555.393 
-220.069 -584.606 
280.252 -122.695 
53.5305 -503.613 
-350.514 200.758 
-564.706 50.9096 
-222.862 -404.354 
268.195 155.651 
46.8654 252.212 
176.666 -174.768 
327.448 -241.94 
109.765 554.696 
-498.107 -148.562 
-472.689 -111.885 
-170.261 -171.986 
-129.598 -293.708 
362.415 -96.8326 
-108.729 125.774 
-511.372 470.087 
-136.831 50.7589 
-575.464 -377.617 
208.531 557.637 
443.952 -421.067 
-317.972 -168.502 
151.95 324.869 
-198.821 -424.341 
-495.289 240.519 
-273.734 -521.766 
-561.124 527.585 
509.145 -446.849 
244.156 -395.402 
465.427 578.084 
227.561 -23.913 
-552.335 276.519 
317.445 -152.069 
-47.1629 305.133 
-228.595 424.979 
71.826 195.738 
4.04466 -416.433 
359.94 575.284 
469.909 553.133 
19.1957 -525.79 
322.675 251.391 
248.01 -312.148 
44.0726 198.665 
22.8002 -479.086 
58.8167 546.948 
265.54 -248.174 
487.674 -90.9046 
135.555 -235.287 
599.004 -45.7545 
-172.187 324.69 
217.36 -287.899 
-305.761 -203.837 
182.262 372.77 
-190.897 539.315 
273.219 -564.286 
558.679 488.563 
16.0477 -436.29 
-15.4473 -283.796 
-273.628 -137.717 
-196.032 572.801 
175.705 -68.4597 
401.189 -535.377 
-171.456 434.62 
162.242 -570.056 
370.541 -227.892 
-3.65929 -395.141 
-240.1 10.7457 
-583.017 83.194 
-72.0332 -37.8372 
-384.09 -503.349 
45.5994 78.4374 
259.693 -168.247 
32.9299 -578.733 
317.902 -420.196 
79.7855 27.4881 
304.583 -235.632 
189.388 140.886 
80.9095 -42.1951 
-204.702 53.5645 
-213.782 198.697 
88.8586 -405.03 
-431.4 -504.335 
-497.375 226.268 
314.298 -23.6833 
37.8766 389.529 
-157.314 550.267 
-262.604 -454.077 
279.595 182.895 
404.202 42.4586 
255.868 110.572 
536.672 -455.464 
411.016 -556.057 
-436.263 -435 
256.33 -551.391 
590.449 479.916 
-53.4557 -338.896 
-547.366 327.134 
588.678 -403.226 
-161.441 329.949 
-102.006 -188.905 
-53.9789 -201.937 
267.734 557.687 
-558.349 580.932 
-366.676 198.338 
568.291 -66.0113 
-165.01 -303.371 
-447.499 -84.6705 
-559.668 -304.6 
-487.074 508.628 
-382.877 -283.194 
-159.775 -499.092 
501.33 -323.708 
123.349 -533.238 
-559.154 -302.262 
423.222 420.423 
-310.044 -36.4878 
359.298 -195.64 
501.988 269.919 
-343.141 200.846 
-303.216 -423.665 
-123.442 -443.704 
462.531 -7.6782 
298.736 519.661 
164.402 -445.143 
-336.984 -182.356 
456.754 118.872 
-90.2089 -244.149 
371.946 -387.098 
506.155 574.835 
545.056 343.577 
80.4312 186.734 
25.9276 589.075 
-291.512 -18.5409 
381.328 -291.907 
283.339 -410.619 
519.025 125.228 
213.385 453.147 
-279.171 -413.441 
430.72 125.529 
-299.726 -507.872 
55.6261 83.7748 
597.146 577.737 
-454.125 -24.4457 
356.956 -189.19 
599.317 378.207 
196.389 28.972 
516.371 587.728 
502.874 -457.441 
97.8619 479.125 
-241.75 471.663 
75.3965 -501.561 
60.6095 -102.192 
-593.175 261.094 
-133.759 185.248 
186.575 435.24 
164.944 -102.901 
129.792 281.369 
-123.925 368.849 
255.382 324.326 
-573.796 178.409 
223.024 -212.291 
591.422 378.667 
-165.861 53.6813 
-325.566 -279.389 
-363.084 -70.9432 
-553.999 332.046 
236.101 -263.053 
260.907 281.397 
421.744 -104.535 
-321.562 247.261 
-169.256 210.103 
352.521 -414.808 
254.568 -293.218 
-577.839 -23.4263 
171.237 -165.649 
-472.914 -571.341 
-455.577 -544.384 
498.621 -402.224 
35.4901 -324.148 
-234.44 381.741 
524.311 382.927 
-399.937 453.419 
-318.339 577.793 
-329.067 -56.9427 
593.221 276.514 
-434.991 129.677 
130.362 -262.418 
491.373 -392.975 
524.269 324.048 
-535.235 -386.274 
-291.328 -171.676 
506.6 85.4755 
580.248 120.881 
-183.79 -175.995 
489.703 50.6336 
431.983 -540.079 
-490.945 -92.8076 
253.96 199.714 
322.471 -465.89 
-189.79 -558.876 
-194.239 -274.468 
-230.627 -342.473 
265.523 111.028 
25.2851 149.626 
552.477 -250.378 
225.233 445.981 
140.232 -525.373 
-216.119 -147.076 
312.212 446.783 
-415.305 594.655 
-195.164 -406.915 
345.128 -366.062 
-85.2465 77.5159 
-209.275 -310.994 
6.10816 -467.997 
-515.057 166.924 
269.439 350.287 
-453.792 297.303 
-464.177 568.658 
-416.637 463.874 
259.972 -268.762 
-589.151 -38.1534 
397.517 177.635 
-166.579 501.081 
240.917 84.5393 
-531.113 575.673 
-186.271 568.982 
-403.118 47.2005 
122.54 -262.305 
-382.688 -474.52 
-480.866 165.288 
-228.551 -265.781 
580.282 -331.441 
-204.01 262.544 
132.632 -325.835 
345.227 -386.871 
-143.781 232.182 
480.144 -463.143 
295.547 -454.657 
456.078 456.547 
590.479 276.218 
116.045 -64.8546 
-208.336 230.084 
506.087 300.538 
-30.1868 -536.243 
-488.415 532.641 
350.637 -201.328 
582.224 -14.4474 
83.4075 278.875 
92.6006 454.559 
-132.115 -144.557 
232.364 -356.495 
-344.018 -451.366 
178.076 471.363 
63.4003 -37.8657 
-40.6376 111.407 
-452.605 -348.736 
512.703 -90.7384 
101.227 21.0826 
283.623 32.4033 
-76.929 -362.719 
418.501 215.704 
-346.896 -188.182 
405.828 -330.786 
-386.717 60.4249 
-485.02 14.8421 
-131.169 -511.362 
-352.2 -70.3264 
-146.376 -83.5996 
-597.213 -238.46 
140.529 -300.542 
73.8437 -171.291 
407.489 587.055 
-316.01 -470.325 
502.245 -97.6585 
-263.05 530.805 
-590.503 -311.095 
-197.372 -121.446 
277.776 394.741 
-271.235 -568.51 
-9.76998 56.2797 
-300.736 -330.311 
50.5667 -183.836 
-36.1003 -491.497 
-293.218 -169.988 
-312.675 -153.312 
-119.043 -271.664 
12.6824 504.545 
-393.777 -500.566 
118.958 454.234 
-100.344 -444.525 
103.679 79.6859 
-375.132 65.4608 
-525.21 -336.613 
546.751 -167.906 
-77.7293 458.315 
-80.0881 509.29 
-597.993 325.47 
-155.694 -112.413 
-516.045 -543.273 
500.705 550.439 
-579.408 104.106 
-169.083 -517.608 
361.221 371.436 
-267.494 -54.1631 
215.591 569.416 
296.923 268.85 
-523.559 -449.03 
-541.939 -153.298 
70.3793 77.8705 
505.191 562.278 
-18.0093 550.796 
-590.714 564.906 
-116.83 508.755 
-125.747 -526.192 
365.548 242.004 
131.639 224.78 
416.97 133.916 
-195.175 -574.388 
28.227 282.876 
-68.2117 236.258 
22.0976 314.505 
472.735 461.365 
183.988 294.373 
-511.963 -292.346 
-386.368 584.53 
158.42 193.575 
239.335 276.892 
390.445 70.5641 
-201.189 492.723 
495.675 24.9395 
72.4937 24.7072 
-132.261 -549.712 
63.8259 531.125 
545.341 207.49 
101.477 102.869 
-286.008 511.043 
-157.763 -218.588 
-432.912 -302.114 
156.449 -44.6892 
221.772 454.559 
-289.403 -544.993 
63.635 -94.7129 
457.872 71.061 
-270.605 353.213 
-355.974 242.632 
-120.73 236.094 
140.787 -599.61 
557.119 -136.276 
307.503 31.8405 
-194.77 -212.987 
-470.016 28.1351 
-213.28 -238.093 
259.325 480.322 
-54.1836 -347.429 
386.104 -233.871 
202.576 177.739 
330.208 -559.089 
-64.3923 -2.11394 
291.588 229.371 
303.756 -413.855 
-210.369 355.704 
234.098 372.053 
-66.227 28.6401 
214.652 577.582 
441.263 9.87145 
-444.127 111.102 
-95.352 -452.259 
31.9021 -161.542 
-29.6043 -392.848 
-260.917 -393.518 
-223.103 466.192 
290.412 227.452 
582.143 -546.456 
-106.099 -115.301 
14.441 396.012 
61.4135 340.337 
-583.867 62.14 
465.221 277.839 
576.111 390.837 
-340.225 60.1102 
-481.255 74.437 
-402.937 -272.191 
494.714 -3.36814 
549.529 122.401 
-268.407 229.893 
119.605 410.16 
291.8 -468.267 
-526.836 298.543 
49.2094 -504.808 
188.53 -206.515 
290.525 -194.164 
2.99014 18.1932 
-217.635 481.451 
-125.483 -276.481 
477.711 328.426 
-405.43 253.874 
-189.115 499.483 
-250.997 -557.156 
362.76 272.665 
191.537 300.148 
204.932 571.494 
-365.838 -324.831 
93.2408 433.29 
247.023 48.2782 
-197.639 456.088 
-7.57601 206.015 
-113.608 -377.67 
443.117 288.803 
247.85 71.1593 
-203.612 -511.439 
-323.071 -257.223 
-393.341 -266.491 
-71.6535 -585.834 
-598.665 118.628 
3.09229 114.955 
581.741 345.293 
184.1 24.8843 
389.937 351.637 
273.001 331.132 
116.122 34.4072 
-94.1611 591.872 
-97.5096 202.571 
-333.003 -173.301 
15.8938 401.138 
467.351 -151.384 
-422.552 -206.384 
23.0283 -371.314 
-163.106 -156.936 
-50.2179 -589.849 
44.389 126.894 
-273.468 -92.4138 
-133.471 -201.005 
342.603 565.778 
488.461 122.946 
510.203 50.2072 
-181.529 -493.485 
264.404 266.309 
39.54 -282.173 
194.638 -396.164 
196.183 568.054 
-422.785 -338.986 
255.172 163.219 
-570.311 -203.052 
529.585 -155.4 
417.758 -428.182 
-32.3104 260.457 
577.113 -251.873 
-124.387 -2.66237 
543.791 -144.659 
451.301 -82.2238 
-401.338 -10.4273 
563.456 49.6696 
243.826 -258.843 
-287.776 -289.414 
-374.239 574.998 
-343.873 333.222 
476.219 -394.871 
397.404 -83.7627 
492.942 -434.127 
94.7883 77.708 
531.409 -283.56 
169.251 -164.123 
-396.594 130.784 
432.861 69.1897 
-500.152 100.282 
-562.46 -216.232 
-332.46 -502.067 
486.637 190.334 
-128.661 250.644 
-272.317 -286.756 
-262.233 -550.638 
305.437 -446.04 
339.029 -430.696 
-53.7861 496.956 
-78.2224 558.221 
582.843 -148.517 
-186.026 -570.646 
-13.9921 315.973 
-487.814 355.144 
470.342 274.382 
-494.925 -487.689 
582.858 -205.41 
-201.483 -416.498 
-153.824 433.091 
-102.266 -276.426 
557.694 410.878 
-300.206 -410.276 
-570.409 294.507 
-201.204 -38.1594 
10.4168 534.413 
422.017 494.058 
386.622 -207.54 
-229.455 -357.91 
-514.182 -396.548 
51.6496 135.946 
107.252 60.3548 
-345.74 398.98 
-393.733 -63.0973 
79.3921 -273.203 
-469.542 -17.5314 
66.3418 377.734 
-470.975 59.5248 
-431.008 26.5097 
-232.436 -169.887 
147.349 252.644 
-493.889 41.9065 
-406.662 -329.182 
-92.1879 -328.673 
391.579 182.574 
-400.188 291.897 
148.799 268.545 
190.492 68.3147 
168.363 -147.139 
571.412 -16.9126 
81.9237 -270.572 
-588.977 -278.228 
411.201 -36.4504 
-115.131 92.3723 
107.667 -255.292 
248.417 -32.1465 
135.3 469.277 
-141.785 -150.945 
-16.9891 -569.294 
-447.538 -347.015 
189.861 -537.995 
-351.153 -378.221 
-294.536 -439.771 
-331.375 335.742 
-448.888 -449.543 
-50.6581 521.367 
510.858 -339.397 
90.849 -262.721 
-139.471 38.3315 
-588.773 -375.201 
65.7231 -368.825 
-590.184 -312.465 
599.35 -308.776 
-115.236 -224.631 
55.6323 -8.8976 
266.19 373.11 
-222.999 -483.938 
-556.779 -121.36 
380.557 259.463 
-138.757 -565.875 
413.412 -362.804 
-305.63 479.454 
368.354 311.628 
-373.928 -83.9955 
506.661 -462.424 
-566.169 -142.656 
-406.711 332.863 
-587.251 127.884 
-87.7126 425.503 
-375.237 -406.571 
-299.479 -444.239 
-583.603 92.335 
-467.76 23.5975 
587.951 530.409 
290.001 548.916 
347.833 28.4275 
-577.874 -11.6321 
-515.69 545.011 
111.678 296.571 
-388.631 -175.108 
-221.445 475.795 
43.7429 -533.662 
-59.2157 -7.57787 
76.1451 -537.008 
-56.6412 159.782 
453.562 -323.216 
161.63 -270.449 
-85.0179 -351.702 
-470.933 323.814 
-238.648 -513.212 
-101.164 -301.772 
191.315 -306.974 
448.598 540.679 
11.4532 -488.173 
307.445 -230.717 
409.559 404.361 
324.569 499.656 
559.684 -332.748 
-322.068 52.001 
-299.727 440.174 
-595.333 -276.913 
-483.154 -286.625 
237.487 394.626 
-520.804 57.1315 
-52.8942 -236.15 
327.348 -62.0847 
16.3858 -418.48 
477.076 -306.277 
537.974 -82.5488 
257.63 -443.929 
-376.455 315.497 
-292.092 -208.276 
156.664 457.893 
-112.953 -504.43 
452.22 341.412 
-69.3599 -123.142 
-72.1768 498.534 
-316.886 524.975 
-118.026 124.321 
-109.57 -376.901 
254.192 -408.424 
433.996 528.216 
325.163 301.188 
312.927 117.307 
235.173 24.033 
-437.228 -412.18 
317.284 -483.984 
325.971 415.337 
-362.447 205.281 
449.676 -151.888 
-20.7138 -443.917 
-510.945 -466.43 
-320.65 399.338 
-119.964 -17.5035 
-96.9529 501.737 
398.468 -238.518 
123.312 -106.122 
439.841 131.135 
172.476 -370.405 
-379.656 -270.874 
-59.144 -264.612 
593.141 7.1591 
-212.791 -479.79 
-599.27 -571.975 
-123.956 582.985 
-365.34 -525.979 
-158.477 -349.419 
459.234 -529.671 
260.009 390.825 
-227.778 -174.566 
-515.257 395.975 
437.074 351.164 
-242.442 494.509 
264.87 -113.614 
198.018 -76.7306 
581.097 -158.793 
509.294 -232.201 
-427.126 -143.865 
558.911 411.604 
-561.73 -496.224 
365.813 287.902 
205.967 -298.708 
239.41 94.0197 
103.612 223.195 
-598.784 -385.244 
-535.288 503.008 
-278.422 551.487 
265.945 418.703 
-310.365 412.231 
-392.675 190.173 
464.56 289.765 
103.054 -244.317 
15.326 -94.3565 
306.86 180.981 
125.535 -245.89 
516.073 -147.002 
-292.78 329.014 
-232.899 317.821 
582.871 4.38959 
485.19 497.373 
-383.851 260.464 
-265.53 496.796 
342.999 10.8895 
-109.655 88.3508 
39.1548 -339.3 
214.452 -210.084 
26.8487 24.6309 
537.659 248.539 
-133.905 375.947 
376.969 169.041 
-393.285 -299.368 
310.992 -360.485 
-467.758 139.526 
-144.191 -406.185 
-367.065 472.868 
-530.639 132.3 
-51.6268 267.602 
-542.857 -195.46 
-113.595 363.49 
392.958 -551.775 
-96.5539 83.143 
-182.429 -78.2866 
422.213 -305.97 
554.932 581.363 
249.934 -527.143 
582.153 107.408 
280.442 189.74 
422.548 169.087 
-450.957 314.061 
-140.744 -57.4324 
261.082 -467.563 
399.789 303.029 
-530.133 -131.313 
216.61 -445.057 
-68.2145 -228.495 
469.02 -50.7043 
541.092 157.12 
-492.954 159.8 
189.745 406.962 
466.743 -500.052 
-94.4294 -258.993 
-267.468 313.31 
231.364 -269.269 
331.595 -364.918 
537.368 -85.0087 
-429.105 503.576 
-200.085 -162.739 
263.744 -177.562 
-486.656 -60.6046 
-392.922 39.3068 
-476.639 462.607 
-122.654 580.513 
446.505 -34.2596 
-475.345 -104.34 
307.659 343.437 
-337.561 302.466 
397.375 -514.29 
49.3279 -541.052 
-581.718 336.847 
-191.328 164.038 
-417.726 263.775 
-197.491 279.592 
-297.128 -555.574 
110.51 -354.286 
117.459 450.796 
292.672 310.036 
85.2548 3.70711 
-469.683 -473.834 
-318.134 128.22 
-582.322 -427.821 
513.755 -28.6381 
94.4965 301.452 
202.084 402.586 
249.282 -328.897 
-389.36 -488.52 
420.108 118.708 
251.784 -77.4083 
-177.769 143.007 
417.07 18.8761 
-563.071 588.012 
318.175 -492.998 
81.7114 -75.5904 
179.322 97.0692 
-73.6749 512.902 
193.69 164.143 
-475.098 -542.469 
75.2264 -243.006 
-497.159 581.694 
-375.81 24.7616 
-210.499 -326.139 
-425.657 -98.9982 
241.875 328.525 
497.12 -426.699 
3.68157 -38.4418 
-106.265 586.274 
226.262 -310.443 
-569.036 -149.428 
46.6973 195.915 
110.623 -199.304 
-593.64 -404.018 
317.716 -224.168 
-91.7422 -88.4235 
-402.401 595.24 
164.41 21.1068 
-207.949 86.5903 
249.983 -198.782 
180.23 20.0526 
364.81 357.444 
-304.183 508.188 
176.358 -191.244 
-84.9963 433.288 
17.4537 403.874 
-277.596 113.268 
32.91 119.802 
189.985 -463.941 
336.117 -41.6091 
455.471 487.509 
-22.9647 287.225 
143.701 -359.971 
94.2103 -544.888 
-330.485 -76.832 
383.786 -107.733 
157.814 -436.462 
344.968 544.091 
-29.7414 253.95 
592.184 -390.377 
363.317 -60.9038 
578.624 -35.7322 
-103.836 392.388 
-290.05 185.018 
-272.627 -272.619 
409.69 415.559 
576.983 -270.741 
511.19 -58.5009 
202.585 532.635 
-246.377 584.802 
470.292 -315.516 
-36.6452 71.1827 
343.268 591.02 
53.5263 -156.779 
448.425 58.3257 
107.551 545.395 
383.439 -157.284 
195.893 -55.9458 
196.465 485.053 
-457.981 200.234 
226.358 552.07 
-169.829 -366.608 
-422.154 -433.752 
-111.007 -121.647 
-166.04 74.9374 
-101.826 192.606 
593.483 54.3544 
322.683 396.668 
-534.79 571.681 
252.474 -407.887 
-237.837 363.106 
-283.014 -270.687 
-139.467 59.1417 
-519.03 184.713 
153.962 538.306 
558.387 -376.71 
-101.454 -15.8133 
392.693 465.656 
595.324 393.127 
-531.692 -286.02 
-357.342 -199.469 
-437.237 -402.659 
-388.088 193.023 
583.324 275.188 
-304.975 453.472 
62.3115 -496.491 
107.106 425.29 
336.415 460.055 
-440.281 -280.723 
27.8819 489.152 
417.303 284.215 
13.6626 97.2902 
-124.066 226.832 
-87.0873 -439.24 
-316.754 -574.769 
500.182 162.765 
587.034 132.401 
436.5 -379.963 
-182.804 120.677 
-108.892 126.587 
116.748 -86.0983 
495.622 293.322 
-276.415 150.632 
-235.34 102.343 
-488.34 -193.458 
-325.908 355.586 
317.613 -328.75 
92.0928 319.73 
-286.277 142.259 
-210.427 -51.2311 
136.466 56.7153 
270.898 131.241 
-270.564 -466.512 
505.227 596.927 
-599.057 -532.94 
490.387 -273.75 
384.418 117.694 
-323.483 -252.886 
534.131 59.8411 
-581.333 -362.846 
113.73 316.755 
-295.39 248.913 
323.489 -551.803 
-344.317 -533.202 
-473.078 -18.0139 
-330.707 -372.722 
-266.831 259.944 
170.537 61.973 
78.7501 -114.992 
399.041 509.08 
-280.876 -191.471 
204.735 -219.308 
-374.195 -464.927 
-168.928 -2.93467 
530.731 -352.586 
-358.806 167.437 
386.609 391.793 
-33.3352 -572.144 
581.112 160.13 
550.114 571.86 
39.8514 109.781 
176.397 -495.68 
90.9329 172.678 
596.72 522.889 
-543.666 431.346 
-375.664 -153.762 
354.809 378.92 
-53.9869 219.76 
-552.425 -230.135 
130.814 -415.076 
-490.716 290.339 
417.769 -142.01 
-406.58 -450.512 
306.97 402.793 
-119.09 40.4074 
83.1787 492.195 
-46.7263 -445.91 
401.101 -376.232 
-389.239 -155.249 
563.728 253.722 
-25.1064 109.246 
-19.3369 -199.146 
573.4 -398.605 
-6.45806 522.61 
52.7448 -548.686 
419.138 -404.883 
124.738 -479.166 
-554.395 246.708 
-287.623 19.623 
374.288 -307.05 
-585.793 106.525 
417.794 -319.318 
585.744 412.238 
-172.654 167.899 
406.682 547.504 
138.681 51.2509 
-417.003 46.1445 
589.653 238.918 
-302.972 199.343 
21.8942 -397.552 
151.578 575.122 
176.373 -61.6272 
-268.114 222.461 
437.98 206.285 
-490.217 -381.665 
33.7166 -2.64094 
-23.7501 -250.648 
241.601 -542.822 
-337.958 -306.747 
243.604 -358.018 
34.4001 -25.6608 
-225.676 -298.562 
361.989 -165.52 
-588.705 -148.894 
-524.657 579.268 
-208.909 -539.78 
599.781 262.692 
434.716 98.4467 
559.057 -13.8845 
522.989 451.699 
-375.777 557.775 
-295.516 -442.841 
260.369 453.567 
374.052 134.523 
594.16 -410.331 
539.799 226.279 
-197.485 -392.326 
-390.535 -484.288 
-59.5594 -126.495 
545.549 -288.538 
83.6594 -321.921 
-50.8261 289.991 
-255.918 -340.957 
-451.393 75.9323 
-371.038 521.147 
201.094 215.285 
-390.894 511.983 
496.582 -569.403 
-538.933 -315.31 
-203.175 -566.925 
-220.162 464.451 
-533.3 430.059 
-19.8776 467.855 
173.775 439.343 
-29.6295 110.285 
-223.98 202.568 
317.616 377.519 
234.944 367.448 
121.201 444.837 
-287.382 289.974 
232.49 -335.14 
-357.269 -321.989 
521.827 -476.939 
-175.968 284.392 
202.518 -556.147 
16.7424 -553.594 
441.059 -381.608 
276.965 525.447 
485.084 -432.136 
343.118 -199.565 
-132.447 -99.9744 
448.721 -480.557 
355.464 -225.247 
-279.729 235.711 
307.202 581.274 
100.587 -404.463 
-408.843 -320.385 
-95.5091 -426.99 
261.375 512.486 
150.532 494.723 
210.502 232.893 
156.218 523.664 
-233.155 509.693 
556.478 -242.995 
584.33 -88.0961 
51.2508 -263.797 
209.916 494.741 
51.1694 423.515 
596.11 495.872 
-471.812 559.692 
-174.844 583.928 
577.388 -49.6739 
209.042 -174.442 
96.8878 583.861 
409.655 -415.315 
362.745 -175.421 
138.662 -57.4915 
-160.998 -374.469 
-381.44 160.55 
79.0492 -348.902 
46.2971 177.689 
237.063 295.835 
-26.5419 357.052 
184.848 -50.4379 
392.65 188.961 
107.571 62.7106 
-246.44 -328.179 
-126.604 464.321 
-380.159 292.54 
-371.087 180.719 
-458.432 -529.652 
3.1147 60.7363 
-158.784 -121.873 
-220.331 124.595 
257.093 -389.699 
-549.789 -120.011 
-269.322 224.26 
24.333 -393.216 
-78.7129 -437.272 
-560.175 -392.118 
404.213 591.047 
-265.242 -368.133 
234.303 246.647 
487.712 -300.02 
172.005 502.684 
218.911 -259.468 
406.143 415.895 
-235.161 447.99 
-28.2415 -368.44 
366.412 43.2005 
-317.429 143.839 
24.4264 208.001 
-92.6034 441.543 
-207.66 584.135 
278.785 -121.619 
-546.202 -326.035 
-270.781 456.665 
260.869 -401.209 
-37.7567 -565.282 
-230.452 458.713 
-578.792 98.8748 
-534.557 109.727 
-283.758 540.164 
-309.939 252.955 
-50.996 -247.191 
-107.906 361.192 
-571.947 364.32 
-540.727 366.237 
132.118 75.5893 
-61.6365 248.52 
113.294 -214.116 
-227.337 48.4798 
37.637 -311.074 
395.564 350.717 
-375.697 426.407 
-482.392 49.2187 
583.739 397.721 
577.826 -31.0145 
-502.346 319.843 
-5.90405 -365.379 
385.619 14.4654 
-74.6586 348.338 
-96.2532 -54.3194 
-177.497 520.225 
-124.582 284.859 
-302.16 370.192 
-133.384 556.955 
-574.058 -357.537 
-521.826 -142.462 
-382.922 597.366 
-524.907 198.721 
-80.6851 -437.785 
-558.09 436.311 
-290.948 -589.454 
30.3837 -404.392 
-83.1055 397.559 
-142.95 -554.531 
-362.148 218.522 
157.513 277.474 
-412.984 183.714 
-24.0366 -484.689 
376.543 -530.464 
-110 217.816 
135.259 441.945 
528.057 580.253 
-263.83 -24.8345 
138.938 -42.6085 
-143.711 599.991 
-265.506 -365.659 
-337.195 -161.205 
-282.448 -539.858 
-138.085 -181.778 
397.933 255.262 
252.192 -81.175 
497.3 -116.226 
471.345 34.7506 
-149.5 -384.523 
32.8126 559.511 
-59.968 -358.716 
-318.632 275 
-487.537 -72.5778 
341.235 28.5446 
156.4 -25.1061 
551.522 -261.416 
86.2413 -430.729 
-65.4979 -170.18 
102.571 252.112 
-93.9736 -494.585 
-501.236 403.159 
323.302 -272.172 
343.16 498.136 
-258.833 -218.417 
-181.937 -362.849 
173.879 -579.758 
-102.425 24.3195 
112.785 -456.757 
78.3917 -410.974 
185.884 142.79 
458.954 -380.172 
290.949 -358.926 
-251.973 -259.056 
-326.306 -263.167 
-266.757 39.0056 
-566.134 -112.12 
-360.913 -175.145 
-303.381 -320.019 
374.169 357.769 
-423.969 273.462 
-206.821 -529.677 
-402.48 -30.8792 
507.683 -371.69 
-131.73 -567.302 
-404.56 492.723 
-283.885 -49.67 
-57.5399 -368.665 
54.3987 451.564 
168.263 -165.089 
-46.948 420.339 
-544.889 -305.336 
532.174 468.025 
-464.645 557.402 
-268.655 580.944 
444.048 -555.555 
-268.707 404.216 
339.175 -139.642 
-70.8546 -107.466 
-562.288 -364.426 
-349.098 196.571 
104.833 69.721 
-464.396 -588.674 
457.222 -265.554 
-38.0466 169.755 
-471.364 108.27 
-131.136 414.303 
195.797 -388.736 
-90.5627 -132.018 
467.127 -173.626 
255.531 -229.331 
441.198 190.991 
597.931 -186.148 
90.5285 -475.374 
529.24 134.742 
253.481 523.638 
-578.288 -595.105 
110.153 -567.25 
-92.3876 -349.851 
138.858 184.592 
47.054 -249.029 
341.107 300.437 
-82.4195 416.755 
136.903 -293.165 
-235.754 -483.891 
-284.585 155.37 
-409.004 -163.003 
292.709 -61.3938 
209.769 -427.753 
-36.6516 -396.978 
-201.879 -306.791 
-45.5473 -240.753 
-160.572 251.441 
-326.146 -20.0523 
-204.016 -304.379 
166.594 -51.3922 
-467.452 200.013 
-330.82 526.139 
482.149 569.809 
51.2329 183.408 
-271.548 443.837 
-227.498 417.11 
-388.636 -180.783 
235.606 465.181 
-343.063 478.185 
-369.107 145.923 
572.427 -426.995 
140.872 508.97 
168.705 505.464 
-540.076 -162.288 
499.093 129.816 
136.189 -109.491 
207.833 -316.592 
-66.7165 -140.203 
522.362 -335.03 
-199.648 344.45 
-429.115 427.933 
362.362 1.84533 
-404.185 4.70358 
-7.56041 -264.375 
255.809 365.123 
-255.012 72.6022 
168.776 -138.021 
-128.749 576.077 
-576.504 21.8979 
-377.231 441.593 
-90.7636 -599.376 
541.846 384.947 
-266.756 -547.924 
-133.176 -140.738 
-387.091 538.317 
-148.145 -382.771 
-58.9534 -459.738 
369.029 -213.658 
232.959 24.9745 
576.388 -176.968 
-169.096 -184.897 
-304.305 -93.0077 
-285.305 -134.532 
-203.108 468.915 
506.683 -173.191 
-128.092 591.14 
-553.774 -106.431 
-522.133 66.8596 
274.919 -63.734 
222.185 518.669 
444.607 -374.465 
535.648 -463.201 
20.466 573.09 
292.521 206.263 
-98.3989 -584.426 
34.2903 481.691 
554.827 436.196 
376.256 234.573 
-383.859 307.314 
374.701 -440.855 
-337.147 -19.2795 
528.994 -330.34 
-67.6886 -549.484 
-59.2481 380.653 
430.892 450.588 
-518.641 -56.1279 
-54.5175 181.002 
339.626 -388.16 
490.441 430.979 
463.058 354.665 
-28.8347 -270.711 
-342.668 517.52 
-189.617 104.555 
485.477 -8.55426 
525.589 254.454 
42.9755 -314.412 
34.5799 310.888 
358.447 -232.279 
-417.821 553.689 
-139.667 -540.286 
296.853 518.667 
448.976 -97.5077 
150.143 360.056 
384.352 -174.005 
-309.462 -456.255 
323.579 339.603 
166.164 -578.811 
-234.353 164.613 
-113.583 452.337 
-323.905 -67.6997 
-582.515 -59.3618 
-422.681 139.101 
-354.464 -135.006 
-64.9088 -226.237 
174.633 294.514 
-490.554 384.43 
-37.9566 293.379 
-198.584 573.531 
-78.3702 543.152 
-490.131 590.817 
-157.6 250.591 
-188.258 358.273 
130.88 48.8522 
293.102 380.546 
-226.764 388.892 
220.085 -395.012 
59.0887 -416.532 
271.088 377.283 
51.8325 -484.586 
-74.1592 -78.9405 
281.125 275.909 
-257.347 -168.607 
-111.619 -481.439 
7.48353 -42.2435 
44.7976 -83.0717 
-163.753 -526.606 
-435.89 -459.355 
-303.069 460.203 
8.91166 163.893 
-296.314 589.98 
-129.327 350.303 
-188.291 -62.1855 
-430.002 -75.8991 
-311.873 242.774 
399.757 -187.797 
-558.573 368.724 
173.321 283.424 
-491.575 435.548 
90.6266 171.184 
488.103 -430.89 
311.378 -335.724 
-447.805 197.395 
-111.505 60.8204 
-85.8593 -563.946 
-306.354 -377.078 
-506.324 592.15 
-64.6252 -229.365 
342.971 -442.966 
428.636 125.889 
303.98 326.129 
290.723 -330.829 
394.555 197.219 
195.898 104.571 
-196.384 -204.274 
-387.334 395.96 
-63.3532 -455.377 
-490.638 -435.429 
-505.178 105.857 
531.997 -248.523 
35.476 91.1443 
-339.819 -396.007 
592.291 -212.015 
92.6898 543.322 
-362.061 -541.246 
271.697 68.081 
60.9853 -470.226 
-365.182 100.359 
-212.607 -287.408 
-550.344 -227.967 
114.942 -93.488 
-64.2071 -384.937 
-241.505 452.028 
37.095 129.656 
-274.055 -466.121 
-205.362 -251.283 
174.92 -153.172 
-176.932 -200.293 
21.6641 -370.246 
-435.611 -383.378 
-201.071 -245.163 
293.238 118.613 
210.633 -104.478 
-376.429 488.01 
-289.889 -98.029 
183.348 -371.878 
-538.792 -65.2021 
522.682 279.808 
360.49 364.168 
253.694 -451.814 
-244.241 -251.537 
-81.2673 -266.852 
231.825 478.72 
574.786 101.324 
261.636 -66.6649 
-323.443 445.452 
218.697 383.197 
141.997 375.027 
328.359 -569.406 
-96.3675 -345.84 
364.962 572.032 
-317.961 -101.235 
526.278 -463.683 
-50.4409 -135.724 
272.977 -442.012 
480.026 459.69 
46.1689 -235.994 
299.18 -379.194 
429.156 -294.616 
-409.526 531.931 
309.137 -326.895 
261.864 -207.379 
-150.75 -566.07 
213.015 -387.09 
-137.081 31.6695 
305.519 510.003 
-280.424 -361.087 
-569.856 66.817 
-331.451 204.107 
-104.781 -29.0998 
467.662 408.141 
575.053 139.644 
-95.6957 453.019 
279.814 -556.412 
-522.322 308.838 
-538.12 487.332 
-526.342 285.701 
-101.911 -25.0665 
195.736 -67.5507 
20.5293 438.583 
207.473 154.619 
-258.308 -315.301 
563.603 158.436 
277.515 326.591 
-486.481 551.167 
514.075 -122.432 
502.857 -168.074 
377.078 116.675 
-191.226 335.969 
384.207 -597.029 
139.316 120.444 
52.6091 -569.344 
200.866 9.31174 
474.054 70.489 
-340.488 -516.567 
333.425 540.669 
-504.376 134.888 
-465.987 405.37 
-136.502 -418.085 
533.308 -341.864 
-163.898 -598.91 
527.928 -495.435 
43.2797 -204.593 
-246.64 -40.0454 
-385.607 -233.188 
-312.623 515.659 
399.616 -430.255 
161.982 296.109 
-525.457 35.3978 
-292.275 120.011 
-162.027 -218.387 
514.43 -561.921 
528.349 -255.905 
578.59 317.344 
-406.93 117.595 
389.538 88.5451 
-453.571 312.284 
79.3485 -482.933 
585.455 369.658 
-261.487 -140.831 
305.223 -505.972 
-343.136 -193.97 
-175.668 -439.171 
-255.147 -136.639 
395.093 -235.23 
598.815 163.279 
-575.243 -61.039 
-29.1446 -69.5138 
539.266 567.37 
-408.704 176.359 
-424.119 -89.4094 
301.413 222.748 
-188.504 191.677 
421.219 72.4252 
239.898 325.618 
387.489 -357.094 
-372.766 -24.5446 
-218.551 428.565 
-117.862 -593.33 
39.453 -507.364 
-343.117 312.546 
-250.993 -126.795 
-128.908 63.2387 
-213.64 -160.82 
-337.823 -240.826 
314.757 -432.124 
567.537 50.2838 
-171.079 564.171 
-50.5931 -121.05 
557.238 -96.4777 
-79.1912 299.27 
-147.619 392.402 
416.435 319.993 
-568.492 576.868 
299.667 -16.7521 
381.754 63.5625 
259.453 -98.8559 
-315.705 592.805 
0.243555 517.729 
396.735 245.37 
-315.722 74.4585 
-393.252 -402.719 
147.318 -486.806 
561.924 217.741 
-478.843 263.76 
560.223 -355.27 
-495.189 -289.371 
545.309 126.563 
-224.444 119.053 
58.411 -532.191 
-398.528 379.686 
-317.872 548.287 
-274.215 -532.454 
-200.856 -557.811 
346.557 30.5183 
396.322 -202.602 
97.2734 -238.204 
560.143 -113.074 
-466.633 -418.72 
-192.051 -530.751 
597.175 485.832 
428.019 -563.725 
560.993 -246.294 
49.2482 433.261 
-327.068 34.263 
-538.935 -54.0563 
-229.833 528.706 
-312.168 -89.8372 
307.216 -558.951 
-97.2017 147.13 
357.274 -346.236 
-460.615 -425.163 
161.595 -23.9554 
156.529 -171.515 
323.294 -457.87 
478.529 175.646 
244.404 268.856 
502.49 -92.9401 
-237.39 -167.34 
384.704 352.52 
250.593 -366.483 
238.856 447.796 
-428.689 84.2502 
-91.6988 520.794 
-174.387 461.453 
-64.7358 -576.252 
-200.462 70.6476 
-273.13 90.5215 
-299.65 557.909 
509.618 174.597 
177.754 69.0906 
-62.2711 573.503 
540.936 303.948 
-172.216 344.062 
522.378 -148.079 
120.077 -276.299 
272.971 372.619 
-366.261 17.0522 
-183.18 131.235 
-217.996 -306.473 
-561.356 -3.91654 
265.175 -425.431 
-177.162 26.2293 
176.866 297.105 
111.743 -349.906 
-344.405 -265.476 
-46.1579 467.764 
479.059 -368.948 
-481.735 477.351 
-377.439 -362.002 
63.0952 -165.114 
-303.657 -163.453 
-325.548 199.006 
-130.281 -586.443 
-352.999 -157.443 
-550.031 521.098 
412.944 -259.442 
234.094 103.699 
-65.3434 -54.9103 
484.968 -470.292 
126.336 506.772 
-291.336 -8.73592 
-433.081 -79.8429 
154.581 61.6512 
-347.34 461.464 
353.635 540.639 
152.361 152.667 
127.49 346.487 
151.607 -334.119 
332.507 -491.915 
-566.236 -173.036 
454.698 -594.329 
185.715 -377.637 
-404.46 298.554 
270.816 -336.079 
-87.8008 -414.268 
-53.177 -563.572 
-560.55 299.212 
-573.7 100.722 
-15.6136 -475.688 
-584.815 -292.429 
515.627 -334.37 
306.483 447.627 
587.277 -475.998 
327.325 -183.503 
-584.432 -227.083 
-591.065 580.989 
-558.817 -407.849 
4.45553 -148.639 
57.2766 72.4574 
372.188 520.993 
512.797 -219.832 
351.136 529.362 
346.545 -243.91 
-109.253 -535.3 
-323.36 -441.731 
-236.274 493.44 
198.859 170.341 
-186.917 -251.295 
19.8384 590.39 
-129.159 191.167 
390.187 -295.502 
-449.699 -474.121 
-517.533 413.523 
159.262 -303.988 
118.227 -163.386 
-233.41 346.337 
251.352 -474.392 
54.3869 289.237 
567.266 -29.6559 
-331.91 -559.886 
200.283 341.569 
259.007 -442.836 
-431.232 459.201 
-555.648 -43.1031 
593.614 345.1 
512.293 123.426 
437.741 302.352 
11.1072 -205.483 
-226.955 -153.35 
-411.799 -378.563 
268.11 78.1149 
-324.973 150.465 
-198.397 72.2531 
424.571 369.323 
-581.721 -54.5339 
-19.2536 -439.651 
572.556 -544.372 
166.851 -296.732 
234.008 -574.727 
365.943 -147.624 
589.518 -291.765 
592.481 -428.98 
-251.509 298.928 
74.8896 -149.207 
-338.596 -275.951 
-116.361 213.987 
-72.0918 -564.519 
-365.366 -454.886 
567.999 -209.959 
445.368 70.5062 
-515.615 -172.538 
-476.657 524.072 
-366.087 305.044 
-34.0713 519.386 
-90.186 -425.079 
-172.81 -581.291 
-488.698 -559.672 
22.6876 -272.333 
-176.928 -59.2517 
-520.22 82.5598 
15.227 -366.037 
200.193 30.6393 
-209.667 -457.725 
42.3627 -448.164 
-490.643 279.113 
236.666 291.157 
-251.845 -98.0658 
-500.288 83.0175 
302.041 564.948 
358.078 421.502 
237.938 -51.8411 
89.9251 -204.71 
-483.568 -476.849 
319.233 -451.934 
374.588 426.208 
523.335 -422.597 
83.5561 413.231 
-57.8008 -317.951 
505.828 -88.0055 
432.632 307.387 
522.384 70.9325 
-506.177 340.56 
275.923 -394.571 
75.1079 -75.9492 
-422.391 1.87007 
-22.9878 502.929 
559.728 531.422 
128.901 257.55 
348.003 -599.34 
-450.366 -269.153 
180.222 257.923 
96.3646 266.25 
-366.783 -382.06 
348.023 -312.515 
-544.71 -124.737 
565.479 -161.971 
-551.107 95.8939 
185.353 -39.5055 
-117.746 271.595 
396.201 394.926 
-255.667 -54.8508 
219.2 380.879 
-500.011 323.454 
395.137 152.225 
-483.595 -190.622 
410.024 -318.879 
0.316385 596.072 
-126.83 364.592 
-478.17 -89.5054 
348.649 -56.3016 