-345.941 -553.842 
292.297 -141.573 
107.264 116.903 
548.777 -3.61802 
26.4122 -200.338 
-405.846 -461.197 
388.425 -549.453 
83.6318 444.3 
-556.164 28.8318 
403.611 -217.095 
-446.041 46.7301 
457.255 542.385 
-578.681 -152.801 
353.009 -176.554 
46.7533 -172.609 
589.329 343.686 
-587.349 -502.981 
485.779 362.291 
338.4 172.839 
-197.996 406.833 
15.6607 154.626 
-418.24 -111.15 
242.362 37.8273 
-260.941 365.485 
-519 415.478 
112.776 -583.877 
134.461 -284.662 
344.277 -560.17 
415.331 -129.235 
-386.382 17.1148 
177.599 -202.291 
436.859 -294.018 
-506.855 343.472 
41.5901 -599.506 
220.1 -241.372 
-169.051 -442.939 
-240.851 362.706 
582.854 450.669 
75.8438 -62.8768 
-230.178 397.235 
55.5579 -456.22 
-237.968 501.031 
-50.4617 435.939 
301.215 569.889 
-570.877 293.685 
-3.08386 433.732 
-190.842 -223.244 
-159.424 -312.297 
144.518 394.748 
-363.743 543.187 
-96.6014 -411.545 
48.1048 10.3174 
540.431 40.2468 
-348.594 303.623 
-271.337 122.266 
-154.826 481.265 
272.815 294.59 
446.309 -9.48924 
544.466 -158.882 
-158.092 329.128 
407.494 356.481 
-295.458 561.317 
-132.144 527.255 
-402.98 62.1261 
313.748 164.567 
-31.7266 -215.801 
-591 532.151 
-172.112 -590.378 
308.032 348.546 
-129.851 485.404 
-558.057 -304.024 
-102.594 -247.051 
-446.882 228.175 
-423.547 69.7086 
438.436 463.814 
-573.537 249.512 
-188.347 341.403 
-57.8762 -233.918 
13.8437 20.4718 
-286.701 -449.933 
434.121 -108.335 
402.464 -283.068 
-313.921 -345.449 
-477.749 -253.82 
214.036 -318.513 
-41.8866 560.81 
395.271 -300.445 
67.9948 51.2465 
-134.849 -248.471 
480.35 -387.005 
397.606 -214.15 
80.9709 -71.4849 
354.995 61.4925 
340.846 277.529 
-450.322 100.95 
38.3682 420.743 
-480.72 338.127 
-183.858 -371.103 
-371.808 -507.97 
-439.533 -301.143 
-202.121 -132.161 
-537.031 -70.1193 
10.2401 115.659 
-103.622 246.589 
-198.831 442.865 
-82.3402 -99.7523 
-137.627 577.584 
-30.9643 402.458 
-438.34 -502.352 
39.6042 -60.2286 
-136.711 -11.7338 
-508.234 201.908 
256.781 234.394 
294.673 -254.922 
573.729 -235.6 
-261.638 -55.6197 
328.179 343.606 
593.081 -410.703 
407.641 -399.287 
37.4883 10.6284 
-438.868 -84.4085 
-458.551 -268.507 
411.259 116.399 
-255.446 -492.78 
409.786 -29.3064 
-172.896 252.273 
26.6414 -182.692 
-528.483 -325.783 
-41.0359 -489.97 
-239.714 -20.2453 
591.551 112.29 
-537.475 4.02108 
289.045 186.17 
-339.3 261.289 
-43.8084 -528.787 
519.739 -106.186 
-501.261 381.194 
76.4928 223.05 
-227.632 -161.155 
-357.986 452.21 
-135.146 -515.43 
-418.985 5.17412 
402.741 -209.56 
-377.557 140.734 
283.971 -248.356 
-309.372 -227.206 
-356.96 -294.1 
593.863 126.124 
138.552 290.502 
-387.092 154.749 
-66.948 -181.039 
15.3355 -586.372 
-559.47 333.575 
-457.033 -153.954 
-500.777 596.65 
-478.859 -306.336 
132.155 31.3639 
232.768 -437.426 
-89.865 145.474 
443.528 202.844 
356.548 -92.0249 
498.124 522.988 
-555.835 362.454 
-54.8124 113.324 
486.402 66.7743 
-350.526 -40.2106 
-599.023 -362.529 
409.157 488.949 
310.778 118.579 
-469.748 484.565 
358.722 -280.056 
-212.194 -189.673 
-411.354 375.638 
444.281 361.677 
299.982 -84.4258 
374.681 165.301 
201.811 168.112 
-303.35 165.658 
211.801 -242.914 
-407.55 304.088 
74.9465 469.049 
474.633 -411.322 
267.531 101.006 
439.521 -578.062 
405.285 -499.619 
-481.844 381.106 
-268.294 -365.254 
320.559 -317.861 
-48.9022 223.237 
286.474 -264.034 
-120.556 142.673 
85.0099 99.4765 
-392.03 166.91 
323.8 270.342 
-161.835 -111.817 
-319.788 351.693 
-263.933 517.561 
482.84 550.603 
-218.237 205.469 
565.476 172.953 
-144.445 -305.592 
55.6696 447.2 
-430.088 553.426 
-248.243 -560.937 
-123.066 70.7677 
177.121 -19.7246 
-393.444 -547.967 
550.049 -234.08 
103.509 20.3813 
-24.01 -416.743 
-428.516 82.2751 
593.305 204.591 
-142.682 -89.4893 
-339.337 -189.285 
463.671 -250.961 
105.634 -508.935 
-554.515 203.071 
281.379 100.276 
555.674 -453.35 
109.35 -339.299 
510.901 -117.903 
529.211 -411.45 
155.803 204.02 
377.297 -150.735 
-117.059 -231.786 
-461.035 -61.1484 
-354.777 152.026 
411.83 -435.541 
-531.659 -77.4767 
520.3 545.596 
13.8543 -396.409 
-144.328 581.494 
-420.832 -43.7711 
251.18 378.905 
122.185 -445.736 
261.54 -207.958 
-317.915 -373.203 
-112.897 199.517 
103.269 -176.13 
237.863 -234.323 
162.064 42.2804 
156.416 -78.6441 
132.139 494.742 
10.8918 42.1046 
560.45 -550.852 
138.628 513.779 
481.775 110.109 
-281.332 -101.935 
-216.916 -163.9 
264.421 581.279 
268.818 -88.8791 
409.219 524.031 
-370.82 351.133 
-4.4963 -354.999 
-550.127 196.978 
-513.953 -504.91 
31.6866 281.364 
-355.17 263.177 
-328.852 262.154 
526.935 -331.538 
411.572 -391.77 
387.192 356.452 
462.256 -354.626 
203.673 61.2736 
59.4394 228.158 
-18.3941 465.482 
8.71506 490.573 
-408.63 33.3298 
-383.492 104.125 
195.271 418.547 
58.4625 346.332 
-287.317 371.143 
597.322 88.8745 
-457.129 -47.0921 
-404.199 -120.587 
546.857 -262.803 
284.869 145.994 
564.214 323.169 
-35.4895 -304.995 
-593.723 328.241 
-95.3486 -507.147 
248.121 452.273 
487.449 -345.409 
-61.7334 525.019 
-330.398 -403.41 
197.296 232.689 
69.8706 -178.483 
404.681 581.052 
271.811 -112.532 
562.068 386.853 
-357.635 440.363 
408.606 347.47 
-410.88 303.441 
172.208 181.771 
-109.293 -541.055 
47.3316 -2.27974 
440.007 -156.175 
-253.125 37.2128 
-473.407 556.701 
523.946 -90.6025 
-493.266 -325.276 
-570.14 -327.766 
284.287 596.754 
-492.148 11.0315 
433.989 340.068 
-127.49 -577.821 
219.301 -35.4975 
-200.835 164.002 
334.537 235.11 
252.275 276.282 
87.4526 -409.247 
95.7555 261.369 
578.891 -346.087 
388.661 576.336 
148.264 29.6809 
322.892 54.3581 
326.019 568.268 
549.83 111.94 
-201.93 132.55 
139.665 548.078 
65.0158 269.998 
-55.1446 506.472 
-103.273 -171.346 
455.189 -589.875 
-274.904 -410.44 
57.628 -358.12 
-525.934 447.721 
325.187 -266.333 
188.067 -32.1931 
-289.041 463.533 
-125.92 322.115 
-290.631 227.347 
483.68 -136.79 
362.298 333.805 
75.0345 -229.85 
146.929 598.35 
582.399 218 
408.617 470.855 
-319.728 200.358 
472.132 276.157 
125.637 -19.3624 
347.395 508.174 
-530.271 447.331 
-84.6644 -570.156 
-557.649 548.293 
522.861 -191.938 
393.534 481.219 
15.666 -311.261 
222.435 -53.3573 
-402.081 247.27 
54.236 297.48 
475.855 -53.1803 
-171.275 -365.418 
538.126 595.662 
93.7023 -566.085 
-242.748 490.318 
-312.059 -182.397 
-38.5328 -486.426 
504.689 -46.5192 
570.705 -397.752 
-284.637 559.289 
-255.029 334.659 
378.553 -99.4303 
488.782 -576.542 
-43.4483 -333.659 
-60.985 451.432 
-329.641 539.729 
-287.058 -586.638 
-500.267 478.868 
-34.1803 -155.291 
592.672 525.892 
-493.729 202.612 
-265.779 -415.234 
-590.368 385.54 
-572.224 -522.982 
180.627 -572.15 
21.6521 -131.053 
140.922 501.453 
265.885 486.944 
593.701 536.579 
516.421 401.055 
152.976 -86.8213 
-217.433 388.324 
-454.104 108.695 
-577.97 324.082 
-293.686 34.8855 
438.427 -111.035 
-321.791 -589.107 
-393.593 540.765 
455.677 -297.895 
-530.718 -9.11838 
511.644 -27.4315 
259.678 432.091 
-406.62 -394.368 
-438.207 -102.61 
82.6789 132.054 
258.889 32.3819 
-103.391 -402.683 
-139.45 -247.979 
500.234 -107.152 
-593.815 308.743 
-44.6021 366.095 
-95.7498 -486.169 
-53.355 -511.949 
154.016 -546.681 
-338.215 289.742 
-501.977 -118.834 
208.357 -231.261 
-456.285 -355.261 
258.336 498.201 
454.505 190.753 
467.488 130.365 
-317.332 441.856 
-435.929 -385.398 
373.938 103.068 
-265.275 339.104 
140.563 139.445 
-171.449 431.237 
-522.724 -339.652 
-467.675 -326.526 
186.544 -274.324 
-350.696 -589.008 
64.8708 49.5974 
-530.874 -576.027 
-197.681 -452.631 
273.486 486.718 
129.895 78.2851 
9.42614 394.601 
-130.771 148.085 
366.918 -288.223 
13.1236 262.316 
-18.1927 525.93 
250.536 -599.682 
-516.505 -27.8657 
476.552 359.853 
16.8 359.567 
-246.741 -385.405 
370.073 -226.712 
-49.1571 -151.035 
596.125 -3.32048 
557.695 286.396 
209.692 -434.659 
-128.535 526.138 
-25.2241 581.518 
-380.633 350.01 
-328.512 212.838 
-475.489 -591.68 
437.174 -494.099 
-65.9064 -183.884 
443.32 -16.7202 
-440.95 -380.171 
461.322 -500.334 
-572.541 322.626 
279.977 572.46 
341.795 28.2428 
557.673 -349.881 
-370.111 -158.93 
528.637 -159.269 
-202.741 -83.8857 
67.4852 -18.8582 
502.209 201.368 
421.237 -514.459 
-237.799 -286.431 
-482.065 225.322 
556.111 500.146 
-6.35241 -427.816 
-596.183 135.31 
-104.346 -496.638 
-38.4703 -54.2455 
-29.3943 83.1793 
425.591 -596.044 
-552.096 75.2903 
-3.27696 -57.6003 
-488.813 -385.931 
420.327 531.026 
489.829 -184.412 
55.5676 -376.551 
401.572 53.4271 
89.268 304.62 
131.615 417.159 
-510.211 350.26 
-599.149 -257.66 
317.442 173.969 
545.678 -366.483 
147.449 82.6889 
160.193 -305.965 
377.85 -411.78 
492.899 390.734 
-191.296 118.97 
-11.0617 56.0943 
199.769 264.353 
-375.057 -39.6343 
112.042 -471.847 
-406.735 -194.292 
-117.958 430.087 
-162.88 -502.001 
373.056 143.979 
552.978 572.6 
-568.516 -457.118 
-333.708 -385.103 
155.928 -467.928 
-441.987 272.649 
537.585 -528.549 
-31.2972 142.807 
42.741 -406.65 
-34.4072 183.743 
63.1479 456.204 
-160.264 -283.324 
440.94 -455.906 
-533.01 -211.417 
322.56 -463.92 
444.722 1.66952 
365.673 22.444 
-164 -524.548 
-435.533 39.9995 
-113.194 -534.277 
-373.979 414.209 
-136.749 -506.92 
311.334 -366.111 
-220.011 407.597 
28.3629 -32.2729 
517.911 -348.135 
-565.491 550.771 
582.874 -284.369 
106.721 533.682 
-8.54945 -422.488 
521.453 -104.208 
-419.976 -298.959 
-96.4026 -538.128 
454.916 449.292 
157.357 -95.3814 
-446.583 -459.654 
-124.761 -475.854 
-487.826 130.486 
-512.012 239.714 
450.205 287.368 
340.578 -380.21 
-302.357 147.151 
-339.043 -348.362 
392.525 -437.878 
-251.609 106.688 
337.381 519.568 
-402.648 -572.824 
451.463 -58.0405 
252.305 -447.484 
491.138 -411.965 
45.5475 442.486 
427.978 173.167 
396.948 370.452 
80.5684 219.754 
-405.243 32.8843 
-339.03 427.38 
-515.388 370.198 
-27.5164 -586.716 
551.106 48.744 
45.4181 -199.531 
-586.522 560.868 
-337.42 581.986 
286.811 -511.844 
443.073 460.955 
497.603 333.219 
490.077 55.8387 
515.18 63.5325 
142.68 368.945 
161.925 -185.749 
-441.263 191.149 
-113.079 148.861 
570.674 557.71 
249.582 350.701 
400.71 -97.8516 
-68.012 -506.907 
367.383 -505.478 
282.244 298.524 
80.7636 407.435 
-17.6416 575.531 
103.02 80.3717 
121.862 -572.393 
89.4265 -355.829 
-579.922 -74.3717 
467.515 -385.588 
264.212 427.447 
-150.29 70.2494 
235.481 454.916 
15.2028 -520.374 
-96.4293 -454.196 
529.288 21.1654 
-168.219 -76.1748 
408.535 230.561 
327.011 22.0734 
-588.991 275.567 
487.992 172.248 
-52.3871 -461.258 
95.5613 -476.371 
-43.8736 385.839 
15.6395 -7.72807 
491.27 379.595 
-369.961 92.1457 
-38.5874 131.598 
106.552 -553.453 
77.2036 -347.206 
85.1114 535.994 
-49.2504 -70.941 
-468.093 -469.709 
-27.2355 -14.5221 
-554.295 -97.0011 
50.0091 -574.263 
-106.944 -350.793 
-115.492 596.707 
-394.631 279.497 
-32.6712 -78.893 
-365.49 394.54 
-148.587 -384.28 
-502.356 -63.9535 
232.215 -130.96 
-77.4598 566.873 
462.12 -424.316 
-335.927 -337.839 
-135.423 -238.293 
3.44535 434.123 
578.082 -92.4874 
317.598 -523.201 
28.668 -156.758 
241.746 -576.037 
108.709 369.889 
508.322 407.028 
-533.249 -306.258 
-508.307 -372.505 
443.079 -451.069 
-533.998 -83.1709 
164.499 418.662 
-525.742 -556.446 
212.947 -118.146 
-314.195 -172.127 
481.14 555.106 
287.265 -453 
-63.8135 105.88 
-150.37 466.168 
-243.942 298.536 
207.225 -177.275 
105.841 468.6 
-25.6771 -360.774 
540.612 -360.263 
-42.4696 168.596 
-288.811 -112.135 
521.091 187.048 
456.304 236.247 
-209.456 -315.647 
-453.372 227.934 
466.938 588.26 
-157.069 -492.334 
40.2242 523.232 
300.294 309.894 
-426.681 -75.7304 
-302.081 295.008 
-514.308 -472.548 
130.452 -477.44 
-87.6916 241.928 
303.075 2.22579 
130.352 91.0113 
-39.8972 -545.741 
-500.672 -422.345 
-439.764 -588.617 
-250.857 -272.563 
-25.6934 194.732 
-188.571 578.818 
540.148 -356.441 
481.938 596.474 
-354.147 402.239 
396.394 -462.545 
-587.98 370.576 
-315.011 233.186 
514.573 -540.284 
560.172 311.141 
-514.548 108.411 
-241.101 161.295 
-92.4792 -364.292 
259.54 -6.27583 
510.727 -416.54 
164.625 261.334 
368.148 193.248 
-158.651 144.072 
23.6326 -124.068 
400.815 13.2023 
-493.942 -147.369 
-361.371 -448.628 
-262.984 -180.992 
529.049 76.391 
437.052 359.462 
538.482 377.819 
20.3239 -213.374 
227.436 -21.4064 
377.195 -55.5234 
25.1722 556.48 
-424.641 -327.4 
-184.534 407.71 
25.3214 290.347 
-84.1294 -75.5516 
443.421 -147.715 
-574.632 268.74 
-300.465 -243.311 
445.098 -376.345 
-425.217 73.5557 
103.346 -190.519 
92.3406 -44.4119 
-60.9886 398.558 
579.59 -343.918 
-348.319 -107.778 
-82.5273 -50.4949 
-166.076 220.646 
-188.849 266.823 
368.606 419.981 
-126.371 -249.456 
450.383 -251.43 
576.424 -80.7802 
-421.655 196.011 
-266.299 -178.972 
513.435 -126.961 
501.595 341.054 
121.374 365.711 
-194.008 -331.598 
-169.217 498.423 
227.372 64.1467 
-327.211 -355.402 
-201.155 -237.192 
-509.028 -42.5727 
-253.065 73.9881 
536.266 -423.098 
197.221 -454.401 
-374.374 6.64724 
545.119 496.133 
-274.694 -357.835 
-508.563 247.651 
22.7505 465.282 
6.77323 -422.827 
-332.838 457.636 
114.893 -435.876 
-108.489 -547.416 
560.116 -81.8666 
-473.577 -369.292 
57.304 135.725 
-591.054 152.732 
489.533 -364.715 
185.048 581.749 
-433.855 445.829 
-9.10038 6.4899 
578.395 -78.7048 
-519.445 -71.6224 
-52.0083 154.062 
-488.368 -424.399 
-435.49 -308.215 
-494.49 581.995 
-64.5228 -93.1743 
199.628 -74.0109 
-487.941 378.364 
164.701 -563.979 
436.88 -219.755 
-109.97 -401.495 
295.67 -331.301 
-128.023 -292.289 
-40.0706 483.817 
103.726 266.649 
27.4882 328.663 
-149.177 -452.259 
204.157 492.097 
-340.52 496.767 
-361.407 -257.19 
-216.317 482.197 
511.839 -342.701 
-486.82 204.301 
482.857 -195.099 
442.596 224.4 
1.78156 198.32 
222.381 -280.192 
143.266 254.525 
-415.813 -371.74 
180.394 -21.6468 
315.864 521.855 
-326.156 -509.11 
133.797 502.168 
66.0859 49.5818 
-405.745 -189.334 
358.608 218.297 
453.056 -342.692 
143.074 175.558 
92.7045 -399.775 
-228.505 113.272 
-212.762 -278.723 
37.5828 -173.104 
309.186 119.796 
514.197 -247.832 
-159.761 -343.071 
-424.552 -591.837 
-576.787 109.769 
-503.921 501.761 
298.766 -152.229 
-134.891 -450.955 
-386.313 -526.862 
387.948 83.379 
474.161 378.336 
206.146 355.813 
-226.989 -374.33 
-595.199 -584.797 
-477.654 217.967 
-524.262 -376.817 
-233.052 -317.603 
576.931 -367.413 
-179.044 -168.975 
315.599 -85.1818 
487.102 -104.979 
137.574 -425.636 
317.011 -120.356 
483.076 -210.419 
-434.762 276.217 
-421.645 440.868 
-389.398 324.774 
585.313 -478.181 
456.84 -336.135 
342.988 -566.866 
-367.35 -361.333 
-151.893 340.301 
512.97 163.274 
479.879 -130.288 
20.5789 -176.511 
-399.617 560.818 
340.2 205.453 
-440.107 196.406 
216.95 287.312 
-211.902 -596.41 
-112.19 -136.05 
-29.3132 538.882 
278.922 -142.585 
302.222 205.032 
401.525 101.092 
-91.6228 -292.124 
273.396 -463.924 
-599.141 481.904 
504.697 -551.651 
-497.769 334.017 
521.701 414.354 
314.157 463.216 
-496.136 -263.22 
111.344 -1.00108 
-507.129 90.4708 
470.337 -239.055 
-105.778 -246.458 
301.109 55.7251 
528.623 -191.819 
-214.122 316.677 
-361.647 -561.724 
582.915 446.91 
253.374 -304.382 
279.766 -185.06 
153.577 134.25 
-59.1258 -548.77 
3.02478 172.546 
75.4335 -472.969 
-161.083 -31.2152 
581.591 33.3812 
38.8144 167.441 
374.997 106.789 
24.5413 -272.085 
360.889 -415.724 
-531.136 -143.157 
-210.839 529.064 
-24.3659 -439.649 
-526.869 -472.566 
-79.7317 -333.667 
155.636 -564.778 
-241.704 -94.1695 
-383.528 535.614 
-466.969 476.111 
231.854 202.075 
-562.909 504.317 
-336.747 532.752 
186.437 370.045 
238.461 60.896 
283.867 -96.7596 
4.29182 487.929 
-463.164 -549.017 
97.1206 -216.219 
-582.571 -292.222 
224.657 -35.8589 
-279.314 56.3481 
597.879 345.791 
-448.597 -329.485 
94.3904 -191.61 
79.7029 227.124 
273.386 559.112 
221.72 -529.423 
-375.1 -361.907 
338.193 520.333 
312.746 284.85 
-479.358 214.046 
577.268 -414.449 
72.9812 -479.257 
599.869 200.792 
258.974 -207.678 
-371.032 50.5354 
476.163 -113.986 
485.068 58.0404 
145.364 322.578 
-171.747 -324.153 
214.893 -270.833 
-346.211 -459.667 
194.097 135.667 
280.492 -328.451 
-361.845 -124.332 
489.048 588.575 
-485.081 -546.202 
-142.161 590.471 
-18.7396 -87.6331 
-222.804 -271.091 
281.217 -269.669 
152.439 -404.866 
-431.925 370.146 
-32.2633 147.783 
491.381 101.244 
-13.2805 -24.9837 
394.788 464.401 
180.427 360.019 
-484.323 515.327 
122.196 296.754 
96.3157 -417.251 
-489.23 -130.161 
-133.18 -505.489 
497.266 -445.29 
529.716 -319.116 
-156.396 -428.68 
-350.383 45.0014 
-264.645 -517.014 
123.897 156.817 
-16.8362 193.625 
-405.144 -575.376 
-563.483 -359.257 
590.701 -570.522 
407.647 -50.3376 
-404.137 300.728 
-18.718 237.316 
-454.689 86.9483 
389.928 33.3854 
-386.669 241.892 
-175.027 537.041 
298.307 540.271 
-164.343 492.05 
-295.934 -331.804 
-317.204 7.12376 
400.029 -17.7894 
479.937 -582.517 
-58.1681 284.445 
-350.724 -215.931 
-378.827 561.71 
-129.483 -204.888 
330.418 366.809 
62.9857 180.856 
272.013 -577.438 
-81.1634 -181.705 
-318.77 290.235 
52.6391 317.093 
-460.6 -200.249 
497.962 -169.501 
-61.5481 532.832 
-372.992 91.0259 
256.265 -488.263 
-274.339 414.641 
221.336 343.134 
-311.809 -137.191 
215.122 -449.928 
437.223 36.4415 
-157.221 -323.262 
154.039 151.532 
441.632 -266.968 
-83.1835 189.432 
-13.4744 -525.19 
-51.7768 -589.135 
250.1 -311.358 
552.862 384.502 
254.683 220.062 
345.001 159.305 
-449.514 246.683 
576.205 195.552 
386.406 -401.318 
6.47777 281.796 
-6.54006 -552.918 
99.5968 -232.21 
112.994 208.021 
149.071 -302.57 
-565.625 370.115 
52.8047 107.367 
-427.458 554.925 
-455.6 -327.853 
-373.845 424.022 
56.5387 356.658 
164.836 537.235 
-124.04 -103.594 
-69.3425 -473.884 
-574.546 524.835 
292.244 526.421 
134.013 571.17 
118.968 -120.258 
-72.9197 -476.431 
78.9212 -376.512 
-384.649 -362.068 
111.308 -88.7215 
496.828 43.8157 
-83.2397 517.922 
-394.656 251.696 
-395.281 -428.81 
-3.55288 -293.199 
403.366 -342.662 
178.402 -403.583 
406.966 462.924 
465.995 -181.035 
407.522 164.745 
289.524 -287.645 
-369.975 414.249 
123.137 -286.845 
282.399 -592.786 
-528.228 252.795 
251.774 182.858 
258.881 -192.633 
-502.266 -38.5958 
-158.316 -433.937 
-18.4937 381.209 
22.4768 -18.9004 
411.328 261.223 
428.517 -34.0422 
105.26 -429.366 
-408.491 354.014 
-205.447 598.978 
155.609 243.084 
188.896 -350.91 
24.4103 -310.81 
-255.461 248.273 
-330.786 525.582 
-506.082 286.805 
382.857 71.2249 
497.057 188.11 
13.2782 -528.262 
199.805 -522.076 
153.765 -348.048 
-11.4699 -385.05 
68.888 34.1485 
-280.825 63.5345 
3.71857 149.893 
518.009 -59.3576 
390.968 405.018 
-390.796 -98.9746 
-369.733 -14.9332 
-539.913 -4.1203 
-208.077 -355.514 
135.484 211.62 
-411.979 -322.39 
551.165 171.862 
280.133 -132.91 
-125.574 111.352 
478.009 357.355 
-413.37 -151.232 
264.108 -451.452 
-72.24 31.313 
128.32 -499.134 
528.722 505.345 
323.89 517.255 
214.682 62.6928 
-530.062 65.3441 
358.613 -267.106 
-151.199 -307.25 
189.584 0.0182304 
-344.573 -514.078 
419.726 100.608 
-367.322 -411.169 
256.53 -267.324 
-56.138 80.37 
222.428 309.387 
416.918 -173.928 
-101.839 96.3752 
383.177 -540.208 
195.337 397.373 
-439.416 -7.95923 
282.429 -356.305 
-153.49 437.31 
-579.499 11.4496 
-434.819 318.292 
-298.281 -70.9143 
246.321 -440.477 
305.886 412.808 
416.183 262.269 
-239.46 390.55 
25.6456 543.217 
-196.166 -466.526 
61.4902 110.307 
-233.402 -331.252 
-472.657 299.279 
-461.521 -184.524 
-215.145 -261.517 
402.743 67.79 
-521.689 -541.239 
-258.464 -565.572 
248.353 -563.409 
-165.473 318.444 
-171.399 -176.672 
561.962 -536.714 
534.044 194.881 
433.832 -166.129 
-319.106 168.236 
485.678 -549.862 
346.213 -257.942 
-110.622 -16.6194 
563.012 296.118 
-381.11 -254.861 
-254.409 332.703 
597.786 552.578 
-170.796 284.876 
94.1037 -340.518 
-3.5892 -339.293 
329.527 529.693 
302.667 327.503 
578.874 -179.849 
235.317 337.472 
516.933 -329.472 
565.978 450.7 
-78.4348 545.475 
272.178 323.589 
512.986 76.567 
-268.087 -462.475 
463.124 413.93 
-2.97717 -454.626 
-380.553 316.22 
-102.566 -446.441 
259.813 -11.9042 
481.713 336.051 
-497.412 -584.092 
235.078 -28.4137 
158.285 468.783 
-324.948 -315.818 
-386.151 47.4598 
122.341 514.847 
-229.794 371.294 
-594.736 -202.83 
-428.631 -99.7894 
-512.657 -416.064 
131.045 -413.193 
-197.647 -597.867 
118.555 -230.616 
-133.427 -278.541 
-364.421 213.641 
572.239 485.351 
-14.5937 -514.572 
-208.387 274.066 
88.1796 -173.452 
246.439 354.744 
-157.678 449.386 
260.034 311.436 
88.5782 88.7552 
-362.582 390.852 
440.114 -103.528 
-25.9626 592.518 
-191.669 409.271 
-433.223 416.719 
-362.723 293.066 
303.745 -443.988 
-28.987 192.592 
-365.957 -532.412 
198 454.686 
-201.906 134.243 
-248.973 235.175 
61.0662 308.052 
364.784 339.986 
280.157 -5.37272 
172.551 502.951 
563.499 528.206 
-63.3709 -295.212 
358.067 564.447 
-451.627 -101.498 
30.8612 280.282 
-259.016 -556.539 
-69.794 342.439 
-568.548 334.976 
-66.9342 264.006 
193.425 453.091 
-380.115 399.952 
100.877 -94.3475 
-253.77 397.494 
258.789 285.104 
-426.012 447.535 
511.061 124.348 
412.927 93.0252 
593.078 -378.657 
-108.67 -314.456 
597.909 -312.334 
-129.18 4.93897 
-158.269 -117.974 
247.322 -64.0844 
-165.164 -149.734 
-409.239 -57.4482 
-234.268 280.814 
-97.083 90.8196 
-305.224 -584.336 
-289.248 194.186 
574.41 -341.588 
504.434 -235.596 
-80.425 -43.9954 
-558.383 99.5238 
-176.728 573.353 
77.7948 -482.688 
-161.181 -64.988 
465.107 435.995 
574.903 -189.263 
253.956 -500.068 
-389.873 535.663 
186.852 327.179 
-365.66 353.784 
-565.353 434.663 
430.381 494.212 
547.271 502.257 
181.666 130.126 
-498.586 447.059 
-195.112 402.7 
-395.38 -19.5297 
-305.829 -212.037 
-473.484 22.8057 
-506.926 -197.731 
-445.997 -324.115 
-372.588 -444.819 
60.8504 -313.423 
103.749 -554.66 
145.441 -191.035 
336.084 39.7971 
56.008 259.237 
-261.223 522.5 
-111.796 537.343 
-246.957 242.096 
-289.278 -433.121 
586.864 -28.7466 
-478.366 -131.662 
-366.301 103.209 
307.113 -396.402 
-539.956 -164.688 
201.097 421.373 
534.388 306.581 
-94.0404 546.364 
-410.801 -197.114 
346.548 -347.434 
-116.453 80.1141 
160.815 307.928 
152.717 -567.22 
-224.208 -174.442 
-356.39 -321.725 
-452.93 -438.369 
336.883 590.482 
-555.404 496.264 
558.719 -422.209 
241.135 300.878 
100.904 -457.404 
321.394 30.4458 
-244.114 112.116 
-118.733 293.054 
4.81378 -369.49 
351.515 -507.528 
259.994 579.718 
-396.35 587.333 
-508.337 172.704 
356.756 -189.528 
313.271 -265.263 
129.975 -179.936 
-583.215 -435.966 
507.862 122.939 
-503.87 212.012 
31.353 -200.727 
-406.337 261.043 
-189.393 -22.3247 
-465.448 46.4247 
-35.3706 -82.5969 
295.98 -396.102 
-32.8535 -190.659 
73.3108 -124.868 
-296.173 -125.544 
24.9274 -339.354 
60.9424 588.345 
409.31 268.293 
235.015 83.7365 
-212.79 527.114 
259.459 -103.031 
-31.018 334.102 
277.808 -557.961 
-180.223 -45.0335 
50.6292 592.472 
-175.489 -143.428 
451.201 -450.161 
41.417 334.793 
-239.692 -155.431 
-439.82 -376.043 
17.4161 194.851 
-118.906 12.1428 
-360.248 -458.311 
-62.153 -221.265 
552.696 -522.934 
343.473 543.874 
573.767 -262.64 
355.78 -350.536 
460.683 -519.075 
-320.142 415.161 
-102.97 -284.21 
-420.191 78.4861 
166.727 -344.982 
-353.25 243.35 
557.984 399.782 
-546.666 -590.293 
548.131 295.51 
301.344 -434.095 
556.058 372.88 
518.076 -284.887 
-371.975 -467.705 
220.856 43.728 
-55.8412 -335.366 
-588.199 598.516 
-421.96 225.701 
-174.228 126.247 
34.7362 -364.685 
432.158 -191.802 
-554.982 260.706 
-371.031 -312.178 
-250.871 -307.547 
-98.4562 586.965 
508.373 -272.418 
-304.94 -179.034 
414.309 -397.837 
310.12 -121.093 
399.84 572.466 
-513.831 200.626 
-350.753 -204.107 
356.854 409.854 
-257.798 497.944 
374.613 -393.914 
-225.868 184.543 
29.6477 176.974 
210.635 153.057 
-413.677 88.3963 
251.064 390.543 
139.65 -370.294 
92.0026 -173.995 
568.728 141.119 
183.691 -208.737 
-307.845 -582.577 
-450.183 -476.143 
-371.197 79.5957 
-466.692 -24.1046 
-140.586 -237.669 
233.162 -151.973 
-178.645 -403.72 
243.032 -264.951 
145.322 397.952 
-332.088 178.911 
-285.414 127.739 
-394.793 257.168 
-6.60755 417.799 
232.576 289.021 
-565.672 244.879 
560.835 476.608 
-263.959 78.7272 
-54.6782 -110.442 
563.456 -597.273 
-460.07 0.717365 
511.368 -526.806 
-356.855 -573.074 
-160.31 546.311 
-578.113 -287.17 
280.072 317.163 
-445.903 273.408 
-173.453 -435.313 
-448.437 -344.364 
256.988 -509.967 
-80.4709 433.126 
208.529 150.971 
452.162 -411.54 
-214.752 379.817 
-224.51 -308.083 
-98.1623 516.099 
-529.925 392.158 
-430.09 306.928 
276.29 383.294 
34.4197 -232.231 
223.476 571.486 
-223.593 -388.498 
279.274 -78.176 
-356.743 -12.4128 
-443.807 140.985 
-261.878 -548.492 
-258.619 324.506 
394.183 99.2218 
-400.32 -311.841 
-111.202 547.567 
-583.57 -352.077 
-466.048 289.637 
-261.064 276.419 
402.083 203.509 
-512.901 -215.909 
239.211 -564.02 
371.768 -46.2486 
-307.307 268.779 
-348.106 -551.974 
-197.513 -231.662 
62.7619 214.354 
-529.955 -53.0329 
-484.504 265.636 
-193.009 -532.296 
256.158 -465.63 
-40.3301 -7.19237 
179.036 -174.653 
-140.467 -9.012 
-215.113 407.056 
-225.725 449.659 
-339.145 -345.637 
-291.922 554.629 
-158.03 -560.188 
-115.56 -181.317 
146.289 306.112 
-183.501 -224.222 
-70.3247 561.219 
-466.689 -443.793 
580.07 169.999 
-282.728 209.253 
-25.5638 444.282 
577.014 -198.452 
85.7402 465.301 
-358.25 513.607 
137.669 571.039 
-304.844 402.11 
-27.4855 -324.012 
-582.054 -127.916 
7.42437 -568.177 
244.274 -18.5453 
352.017 558.283 
204.936 -566.734 
302.979 143.936 
-177.999 -197.777 
-154.827 431.918 
22.8711 79.3074 
235.365 83.0237 
44.3172 76.7818 
-43.2688 -435.527 
-531.468 232.612 
133.071 -107.3 
108.926 128.848 
-433.606 -173.204 
61.6258 257.458 
394.336 473.868 
364.496 -211.965 
-332.746 -258.346 
-138.954 234.985 
44.6111 -47.6398 
-477.997 -441 
588.732 -167.898 
387.509 29.1116 
419.47 327.557 
285.514 182.744 
129.131 229.43 
271.096 18.0549 
587.228 548.06 
-104.088 -141.953 
42.6802 305.456 
-164.839 103.575 
-131.871 -140.149 
97.1199 395.545 
37.6479 -393.27 
5.2498 -333.583 
-452.218 243.286 
351.733 -423.771 
-511.554 502.092 
-287.038 237.52 
-289.459 250.838 
-334.567 -358.814 
192.906 491.025 
-197.579 -289.249 
-18.0967 110.477 
193.073 -206.409 
-481.612 -529.461 
-442.793 72.5243 
542.337 -221.801 
-466.489 302.833 
-48.5303 378.688 
206.009 81.0402 
194.037 352.463 
579.225 578.811 
-27.366 495.069 
553.814 407.302 
117.838 486.764 
-515.055 -301.82 
-235.132 278.479 
-77.9527 16.6449 
386.2 305.052 
82.1585 -354.079 
-276.194 190.035 
387.069 -288.389 
154.867 46.1924 
94.1619 173.931 
370.745 353.886 
-268.236 489.078 
-331.802 -507.642 
450.3 316.06 
-442.834 -79.1831 
318.975 -578.732 
-460.498 404.797 
547.237 275.558 
-231.293 -528.318 
-540.689 540.192 
586.626 -357.45 
201.153 -241.9 
346.183 247.873 
-384.867 -66.8238 
-390.799 523.249 
588.683 483.669 
165.56 -454.948 
-426.704 -35.4609 
-437.339 -344.519 
258.346 251.097 
279.963 177.619 
390.9 -46.3403 
-436.031 -514.807 
426.647 -24.2643 
398.728 97.5793 
330.793 338.905 
-297.57 -257.836 
-509.339 -551.657 
-493.207 -386.129 
-143.292 256.047 
265.413 558.378 
305.063 411.499 
495.74 -172.078 
-503.819 -575.177 
214.747 -491.821 
-47.1119 -359.034 
319.343 192.425 
-12.2454 107.342 
270.191 341.271 
400.444 386.431 
572.045 104.645 
250.36 403.297 
132.582 413.593 
39.0181 -91.2698 
133.168 -538.611 
446.994 230.324 
413.633 518.662 
-90.6188 77.2128 
497.347 -486.262 
-412.47 424.809 
329.317 123.174 
318.877 -142.006 
532.561 273.353 
-574.294 -329.024 
-302.024 -249.795 
324.212 296.166 
327.358 -72.8265 
-430.601 437.583 
-31.2735 211.503 
-90.668 62.634 
-300.743 363.976 
248.191 533.827 
288.566 57.0847 
-50.4891 193.853 
-5.62957 370.415 
384.382 -447.416 
-302.365 468.283 
-451.62 44.0857 
-581.411 -445.307 
458.121 570.456 
576.531 188.194 
-65.7157 92.3474 
-299.849 197.556 
524.962 -323.668 
291.043 -255.69 
-372.232 226.428 
498.14 305.657 
-269.959 -22.6399 
-421.369 337.502 
515.977 465.528 
444.496 156.678 
522.2 541.838 
-445.271 -536.134 
338.023 502.067 
-189.284 578.671 
455.568 415.466 
381.887 -496.731 
-353.368 -546.652 
-122.188 -87.5659 
126.927 407.069 
-43.3029 41.3644 
310.351 465.474 
553.209 -581.589 
434.028 451.627 
-47.5421 549.211 
-210 -288.174 
-90.9311 444.333 
300.685 341.603 
209.69 575.885 
-517.534 237.095 
85.9836 423.136 
577.023 210.178 
41.8955 -279.694 
442.675 -377.663 
565.172 -58.824 
-156.52 205.447 
-463.317 -56.2918 
75.3393 -200.349 
306.685 -279.029 
-521.187 510.694 
-522.192 106.874 
125.627 -418.817 
-134.129 -121.208 
406.281 579.407 
33.2676 -426.496 
422.029 533.569 
-328.075 160.617 
-259.555 -253.892 
333.176 475.182 
-592.389 -583.885 
561.657 395.977 
524.491 293.498 
-558.092 -557.701 
527.669 -545.901 
-567.947 -27.4312 
166.997 593.569 
-568.924 -32.9217 
305.681 204.379 
489.705 -434.459 
-125.284 378.412 
132.706 -559.624 
-425.09 -102.446 
204.831 386.699 
527.392 -193.508 
143.173 520.555 
-104.408 280.551 
-317.955 -86.381 
-95.7369 -436.57 
-247.698 95.9103 
581.045 -551.962 
597.279 235.242 
-403.425 555.085 
179.249 574.483 
-524.551 -254.921 
-373.843 311.541 
-270.054 55.812 
-193.532 -488.112 
174.112 -50.8745 
423.939 -516.703 
401.361 230.91 
537.708 286.655 
458.513 -496.925 
300.962 443.287 
-79.4974 117.798 
-377.69 164.682 
221.951 440.228 
-453.967 -19.6843 
-463.239 360.2 
-298.701 -480.123 
-559.774 590.766 
-324.816 484.505 
-238.323 -265.432 
255.037 -316.283 
536.936 176.495 
83.1541 -259.419 
-186.957 -520.915 
-443.234 -358.58 
443.136 -514.031 
-162.533 -264.606 
-413.313 586.864 
-185.452 -422.22 
540.258 41.1331 
-569.627 77.0023 
174.635 -116.344 
344.876 594.41 
64.6819 -582.104 
457.825 194.066 
-217.8 173.375 
214.173 528.501 
-584.018 -93.5524 
91.967 -204.278 
-62.3671 237.31 
581.064 -556.059 
-432.951 227.889 
-419.082 -454.482 
-484.267 -280.271 
450.61 -40.1898 
-232.234 -219.128 
-178.986 267.297 
515.927 -212.457 
426.891 82.0327 
-472.027 405.384 
378.772 301.605 
585.581 -328.498 
-432.067 183.162 
-483.218 187.555 
-210.625 -119.929 
512.414 -119.815 
506.858 485.546 
372.105 105.625 
-93.0132 560.926 
-593.675 -383.776 
-569.388 500.987 
452.715 -551.131 
-106.871 -571.731 
-204.652 -499.578 
-397.744 -338.742 
-21.858 468.812 
-463.921 519.716 
487.733 -242.955 
-534.443 -496.794 
-226.786 -300.898 
-506.04 -65.67 
-303.856 -353.34 
-106.623 -470.567 
-235.787 -96.7251 
-71.7237 -337.991 
33.7391 29.1288 
-512.821 270.132 
-447.848 -548.599 
-377.008 113.189 
279.572 -239.977 
-306.771 -395.293 
207.156 -36.36 
-265.836 -296.747 
134.936 373.138 
-391.142 -17.7878 
-423.848 -397.785 
208.174 -94.1334 
181.97 -535.428 
-246.57 499.65 
-376.524 296.813 
-344.628 2.27341 
-146.598 -141.014 
-149.753 243.718 
192.422 -329.039 
-417.841 61.8438 
415.464 407.77 
555.232 91.3217 
122.665 -188.728 
389.209 -227.902 
-45.9105 -262.97 
-315.044 31.1515 
38.5729 545.601 
-476.094 282.954 
210.596 22.1919 
350.505 397.831 
423.378 225.52 
-387.83 -553.9 
-457.183 391.432 
-211.998 -46.1847 
165.932 200.632 
-365.341 -415.712 
-271.225 -314.137 
-346.857 -170.4 
-227.649 288.512 
407.67 194.432 
-586.065 553.886 
-455.825 -198.064 
300.199 428.35 
-393.135 169.522 
180.835 326.67 
465.255 -194.558 
-49.4919 338.55 
304.874 -541.319 
540.81 -396.473 
-506.195 578.232 
542.972 -555.908 
-333.06 -342.644 
-62.6117 -302.515 
-438.536 101.1 
-451.169 189.919 
-522.336 -30.9521 
582.049 -480.965 
59.5948 334.796 
-554.662 188.22 
-496.597 146.017 
-481.685 14.5005 
-548.875 316.276 
416.78 -365.639 
-585.124 -328.025 
569.615 328.27 
-405.658 -334.809 
587.011 -79.5904 
29.4085 -306.808 
473.244 353.737 
161.473 -399.553 
441.207 595.961 
348.301 366.68 
-567.46 272.861 
142.992 476.449 
384.474 -151.737 
263.47 106.149 
146.569 543.121 
-118.57 -583.714 
-562.607 382.217 
-311.461 -83.9774 
389.436 452.205 
145.673 194.106 
371.196 -86.8116 
-113.158 433.741 
192.78 217.506 
-586.04 -555.515 
-308.045 576.607 
-499.734 216.565 
350.076 191.476 
-333.706 265.047 
-401.926 -171.976 
-229.814 61.9131 
187.24 558.621 
182.614 -337.26 
-541.232 -517.219 
510.496 -255.652 
96.0553 -193.648 
-348.511 75.1814 
-142.17 -126.436 
130.144 8.02115 
394.853 -173.62 
359.224 234.872 
171.98 407.079 
-468.344 -83.4347 
138.664 -339.471 
457.103 396.87 
232.817 -184.195 
266.449 148.346 
-49.2656 210.59 
-15.136 329.1 
164.464 108.165 
31.3273 228.308 
-108.505 -397.48 
141.761 -363.027 
-234.513 218.045 
-90.3753 206.284 
3.66841 355.768 
197.405 131.519 
-33.2172 -339.627 
-504.503 148.117 
121.712 -570.853 
488.823 -272.376 
-495.743 -457.221 
-106.549 512.969 