9.24147e-017
2.40717e-018
2.68352e-014
3.66757e-015
3.61651e-013
4.78829e-015
3.34513e-014
1.77515e-016
1.63565e-014
5.43501e-015
2.9035e-014
2.05899e-014
1.57144e-015
9.55469e-017
1.52118e-014
2.45029e-015
8.41939e-015
4.28991e-016
2.72276e-014
1.17489e-015
9.19945e-014
7.43363e-015
1.70397e-014
9.56729e-017
1.08056e-012
8.91686e-015
4.0319e-017
2.54225e-014
7.68175e-015
1.33363e-012
2.10951e-015
4.99026e-015
4.22594e-016
4.98571e-011
3.22149e-017
4.13716e-016
8.88998e-014
2.30637e-016
4.7978e-014
2.9633e-014
2.13929e-015
1.38701e-013
1.25526e-015
4.09985e-013
4.08917e-015
1.13755e-013
1.34672e-014
8.42989e-014
8.08503e-015
6.05232e-012
2.27372e-016
