2.50904e+006
2.98172e+006
2.08177e+006
2.84496e+006
920003
2.55333e+006
1.29076e+006
1.82579e+006
1.53156e+006
1.96146e+006
2.64717e+006
1.88488e+006
2.4713e+006
1.85902e+006
3.35166e+006
2.41381e+006
1.81913e+006
2.72398e+006
3.2413e+006
2.77775e+006
2.79286e+006
3.17995e+006
1.18571e+006
2.29668e+006
2.59085e+006
2.80168e+006
1.51921e+006
2.41386e+006
2.15897e+006
4.24593e+006
2.74989e+006
3.69119e+006
1.58065e+006
2.81068e+006
2.38506e+006
1.59103e+006
2.72641e+006
1.5963e+006
2.51081e+006
3.09093e+006
2.55848e+006
2.41303e+006
2.56217e+006
2.90125e+006
2.54277e+006
1.96321e+006
2.21849e+006
2.89638e+006
2.3569e+006
1.32798e+006
2.18616e+006
