9.20749e-010
2.03151e-011
1.0044e-014
2.23432e-015
2.09445e-012
0
6.99715e-011
5.80248e-014
2.34344e-014
7.81319e-015
6.47217e-014
9.95113e-012
8.67362e-019
1.45066e-014
2.23866e-015
0
8.67362e-019
1.11976e-015
4.98785e-013
1.89753e-014
4.46431e-015
1.81546e-010
7.58811e-014
0
2.22999e-015
6.6969e-015
4.46258e-015
8.67362e-019
2.81975e-012
0
0
7.56946e-011
8.67362e-019
8.67362e-019
1.11587e-013
0
6.76371e-010
2.74504e-013
2.12018e-014
1.73472e-018
0
1.1189e-015
1.11803e-015
1.1189e-015
4.46778e-015
3.34455e-015
0
1.33901e-013
2.79048e-014
0
1.69721e-011
