0.00320646
0.00172106
0.0360066
0.000510675
0.000389265
0.00106424
0.303793
0.665438
3.93835e-006
0.092022
1.65054e-006
0.128748
0.0159651
0.119662
0.000911703
0.000186748
0.000990859
0.00269121
0.00516638
0.00162459
0.787238
0.000585964
0.0117313
0.00482403
0.00194251
4.75033e-005
2.11701
5.88301e-005
0.721041
0.00189386
0.0303004
0.00107751
0.000481233
0.000352526
0.00236248
0.702436
0.0009108
0.000117682
0.093725
0.0163278
0.00220793
0.0931957
0.0294433
1.1624e-005
0.000212144
0.00154664
0.0189018
0.000566804
0.00150508
0.00361554
0.000374638
