1.9834e-029
1.9834e-029
1.9834e-029
1.9834e-029
1.9834e-029
1.9834e-029
1.9834e-029
1.9834e-029
1.9834e-029
1.9834e-029
1.9834e-029
1.9834e-029
1.9834e-029
1.9834e-029
1.9834e-029
1.9834e-029
1.9834e-029
1.9834e-029
2.01328e-029
2.0436e-029
1.9834e-029
2.81413e-029
1.9834e-029
1.9834e-029
1.9834e-029
1.9834e-029
1.9834e-029
1.9834e-029
1.9834e-029
1.9834e-029
2.01328e-029
1.9834e-029
1.9834e-029
1.9834e-029
1.9834e-029
1.9834e-029
1.9834e-029
1.9834e-029
1.9834e-029
1.9834e-029
1.9834e-029
1.9834e-029
1.9834e-029
1.9834e-029
1.9834e-029
1.9834e-029
1.9834e-029
1.9834e-029
1.9834e-029
1.9834e-029
1.9834e-029
