1.98164e+006
2.7616e+006
2.14405e+006
2.27624e+006
2.54022e+006
2.23902e+006
2.49148e+006
2.05521e+006
2.73551e+006
2.72499e+006
2.44379e+006
2.53822e+006
2.3611e+006
2.51918e+006
2.76266e+006
2.4538e+006
2.34272e+006
2.01029e+006
2.31586e+006
3.17872e+006
3.32602e+006
1.78285e+006
2.5312e+006
2.54669e+006
2.86193e+006
2.53832e+006
2.75148e+006
2.54673e+006
2.57679e+006
2.00435e+006
2.47196e+006
2.84463e+006
2.60481e+006
2.31244e+006
2.58357e+006
3.20151e+006
2.87589e+006
3.14512e+006
2.86213e+006
1.49336e+006
2.81145e+006
2.45367e+006
2.27171e+006
2.4599e+006
2.63997e+006
2.81265e+006
2.47552e+006
2.94958e+006
2.5525e+006
2.76504e+006
2.47688e+006
