0.312173
7.07247e-015
5.29698e-015
0.312173
6.96665e-015
0.312173
0.312173
1.83556e-006
0.312173
9.50349e-005
0.312173
20.3123
19.9997
0.624347
0.312173
0.312173
1.80637e-014
0.312173
0.312173
1.46584e-015
0.312173
0.624347
-5.3256e-016
3.03905e-005
1.02375e-014
0.312173
4.90753e-015
8.01616e-015
0.312173
0.312173
3.29771e-015
1.09591e-014
20.0001
3.25437e-007
20.3122
7.18349e-015
0.312173
1.74513e-015
0.624347
0.312173
9.79251e-015
0.312173
4.741e-015
3.4384e-014
9.18189e-015
0.312173
1.09045e-014
0.312173
0.312173
0.312173
3.00107e-016
