1.83564e+007
2.37418e+007
1.82931e+007
1.81629e+007
2.03977e+007
2.04636e+007
2.01297e+007
2.42481e+007
2.08952e+007
2.26825e+007
1.70151e+007
1.99826e+007
2.20026e+007
1.86159e+007
1.92414e+007
2.1546e+007
1.96169e+007
2.05447e+007
2.1591e+007
2.11317e+007
1.93521e+007
2.21356e+007
2.08381e+007
2.2356e+007
1.59371e+007
2.31841e+007
2.05258e+007
1.74708e+007
1.95177e+007
2.05863e+007
2.03102e+007
1.79166e+007
2.10812e+007
2.19019e+007
1.85916e+007
1.94858e+007
2.1197e+007
1.95682e+007
2.08105e+007
1.95464e+007
2.0116e+007
2.12475e+007
2.19784e+007
2.09695e+007
1.86906e+007
1.93637e+007
2.2501e+007
2.20227e+007
2.19962e+007
2.37297e+007
2.17843e+007
