0.0466121
0.00358299
0.00323246
0.00263858
0.000439199
0.00297017
0.0025332
0.394468
0.000752994
0.0130326
0.000687965
0.00594862
0.0309776
0.0109038
0.0094275
0.00355919
0.000107573
0.278552
0.0116118
1.21242
1.03652
0.0731097
0.000191605
0.606986
0.00144922
0.00291397
0.0248131
0.124992
0.00604373
0.000912297
0.00186646
0.000313658
0.000290136
0.000577528
0.0333542
0.000577912
0.00488936
0.00505915
0.00830147
0.000953478
0.0121317
0.000494948
0.00169282
0.000475371
0.0052787
0.323041
0.00218673
0.0390047
0.00507423
0.0013315
0.384732
