0.0365036
0.0197884
0.00596786
0.0411014
0.039223
0.0199134
0.0666784
0.0394462
0.0197255
0.0226888
0.0423776
0.0230265
0.0214745
0.0509359
0.023395
0.0634532
0.0241955
0.00385115
0.0196261
0.0247089
0.0225472
0.198837
0.141168
0.0316325
0.0548704
0.0313117
0.0449617
0.0481012
0.0396125
0.0482215
0.0252712
0.020205
0.0470074
0.0234828
0.0216515
0.0399922
0.017449
0.0271472
0.0196594
0.0325105
0.0207791
0.0746051
0.0234369
0.0442671
0.0637813
0.019839
0.0196403
0.0197819
0.0278373
0.0422509
0.024902
