2.98961e+006
2.71922e+006
2.83718e+006
3.51729e+006
3.57234e+006
2.9891e+006
2.81062e+006
2.65534e+006
2.97685e+006
3.24794e+006
2.98132e+006
2.94519e+006
3.60017e+006
2.54786e+006
2.85288e+006
2.67333e+006
3.44215e+006
2.77712e+006
2.79738e+006
2.47423e+006
2.72548e+006
3.88647e+006
2.67917e+006
2.94584e+006
3.71268e+006
2.41299e+006
2.8228e+006
2.93114e+006
2.43779e+006
2.95115e+006
2.19322e+006
3.1252e+006
3.27623e+006
2.35697e+006
2.85608e+006
3.26195e+006
2.81659e+006
3.17024e+006
3.13002e+006
2.64008e+006
2.50963e+006
2.46936e+006
2.62805e+006
3.14298e+006
2.83676e+006
3.38858e+006
3.52142e+006
2.97869e+006
3.38627e+006
2.60722e+006
3.05997e+006
