2.27357e-016
9.75782e-019
1.6263e-018
1.51782e-014
2.1684e-019
3.25261e-019
1.13733e-016
2.25297e-016
2.1684e-019
5.42101e-019
1.57535e-015
6.75892e-016
2.38524e-018
2.25297e-016
8.67362e-019
1.56017e-014
1.46031e-015
1.0842e-019
2.1684e-019
8.65768e-015
4.33681e-019
3.25261e-019
3.25261e-019
6.75566e-016
4.33681e-019
2.34493e-014
2.2714e-016
6.05917e-015
1.84314e-018
3.37219e-015
1.12605e-015
2.26598e-016
4.33681e-019
1.0842e-019
6.50521e-019
3.70201e-015
1.23892e-015
1.12724e-015
2.1684e-019
5.42101e-019
1.80357e-015
7.58942e-019
3.40656e-016
2.25622e-016
1.0842e-019
4.2659e-015
1.0842e-019
1.0842e-018
5.852e-014
9.75782e-019
9.00755e-016
