0
0
1.2116e-006
5.93763e-005
8.88628e-010
2.11908e-007
0.000166178
1.95843e-006
3.40011e-008
1.0842e-019
0.0116748
3.26003e-007
0.000339296
7.86635e-009
3.28159e-005
0.00215798
9.73836e-007
3.45706e-010
1.16198e-011
0.0149567
2.02103e-007
0.00782479
0.00246559
1.6163e-006
1.7348e-008
9.3532e-014
0.000236866
1.14376e-005
2.1684e-019
1.0842e-019
0.000368762
4.43221e-007
0
1.17865e-011
1.62916e-006
0.00258935
0.000345029
1.10957e-005
3.21059e-005
1.61978e-011
0.000213579
3.79274e-013
1.11564e-016
2.53983e-005
8.66254e-011
1.17502e-010
0
0.00427717
2.1168e-015
5.97447e-009
4.5177e-006
