7.29925e-016
2.97413e-015
2.23779e-015
2.24728e-017
1.6353e-017
1.61572e-016
2.73465e-015
2.39057e-015
1.94636e-016
9.59659e-017
3.45791e-016
9.33048e-015
1.7739e-015
1.3173e-016
5.09834e-015
4.32307e-017
4.85936e-014
2.54467e-016
9.58156e-016
4.98906e-015
1.41799e-015
4.8929e-015
1.37328e-015
1.15555e-015
5.27107e-014
1.8805e-016
1.15194e-016
7.33202e-017
1.06159e-015
2.8394e-017
7.07756e-014
6.10187e-015
4.71965e-015
1.32031e-014
1.01468e-016
3.51479e-015
1.84438e-017
3.08172e-015
1.55549e-019
2.17975e-016
3.07844e-015
9.74996e-015
5.90602e-015
8.0998e-016
2.72649e-015
7.03111e-019
4.94573e-015
1.87327e-016
7.28497e-014
7.25064e-016
7.87014e-014
