9.99635e-016
2.39836e-015
1.22503e-016
2.18856e-015
2.08254e-013
4.08255e-016
5.92253e-015
4.57911e-015
2.06012e-015
6.94725e-018
6.03253e-015
5.6693e-014
6.67991e-016
5.41142e-016
8.46234e-014
1.13969e-013
4.84966e-017
2.63706e-015
1.70712e-018
2.43155e-016
1.06441e-016
3.36575e-016
1.58206e-017
5.10451e-015
7.13491e-016
1.1789e-016
1.17775e-015
3.47588e-017
2.34033e-014
5.08809e-018
2.44074e-016
2.82874e-015
5.80831e-013
9.23399e-017
9.59391e-017
7.42104e-016
1.18281e-014
1.13234e-015
1.00193e-016
3.18862e-014
5.27799e-015
9.95059e-018
2.25186e-016
9.76831e-016
2.24003e-016
2.32966e-016
1.76943e-017
1.24125e-015
8.86105e-016
1.93434e-014
2.03673e-015
