8.22339e-014
4.34196e-012
2.67321e-012
4.07738e-011
8.22314e-014
2.44431e-012
3.38519e-013
5.39257e-014
6.86417e-010
4.70173e-012
6.6684e-013
7.08113e-011
2.52736e-012
1.32684e-013
1.44997e-012
9.22026e-013
3.57654e-010
7.02802e-012
1.88226e-013
3.71825e-013
1.4317e-010
1.55222e-012
6.28923e-012
1.01427e-013
1.21563e-011
2.17771e-012
2.06297e-011
9.44654e-011
1.77144e-014
4.08108e-012
2.84701e-013
3.23451e-013
9.34717e-015
5.30986e-013
2.48601e-014
3.28566e-015
6.60357e-012
5.49762e-013
1.13762e-012
3.51987e-012
2.01223e-011
4.12256e-013
3.93966e-011
1.9343e-011
6.58146e-015
2.54293e-011
1.47891e-012
5.64109e-011
9.62327e-016
4.40938e-013
3.20665e-013
