0.00035435
0.000180276
0.000552806
0.00126821
0.00022998
0.00164321
0.000501623
0.00048046
0.000329708
7.80949e-005
0.000284799
0.00039994
0.000370604
0.000614872
0.00024418
0.000151135
0.000249294
0.000268439
0.000742256
0.000332713
0.000529302
0.000224296
8.69025e-005
0.000863461
0.000568795
0.000334731
0.000101565
0.000509206
5.2382e-005
0.000834043
0.000330548
0.000536433
0.000416727
0.000357641
0.000118173
0.000846833
0.000207369
0.000271663
0.000272395
0.000563369
0.0012563
0.000485812
0.000983807
0.000120307
7.60569e-005
0.000515608
0.000117334
0.000373658
0.000151541
0.000669815
0.000546463
