0.0774079
0.0322918
0.210221
1.52418
0.00364967
0.0252659
0.0280743
0.0446478
0.200838
0.00673783
0.550417
0.00634393
0.122115
0.0219382
0.899328
0.0249732
0.00222281
0.00238498
0.0117213
0.264502
0.0110762
0.0822711
0.00275574
0.0225812
0.0250552
0.0249795
0.0035366
0.0750279
0.0490076
0.00648621
0.0214389
0.0381127
0.0222702
0.0191752
0.0737022
0.0189501
0.00360854
0.148326
0.0462229
0.0445805
0.018119
0.00796779
0.107663
0.0414799
0.044858
0.27904
0.0373435
0.151725
0.02198
0.0116371
0.00647982
