0.000587284
0.31607
1.09714
0.00216916
0.0463798
1.13214
0.0231829
0.00393775
0.000760343
1.30826
0.00160287
0.108007
20.3183
0.00109775
1.06272
0.000108653
0.00639584
0.0209832
0.00572762
0.000215205
0.00350734
0.000333771
0.322921
0.0347064
0.130131
0.0375754
0.995243
2.3904
0.00983521
0.0434151
0.00317487
0.524255
0.000424804
0.312285
0.312773
0.00296491
0.0121669
0.000484105
0.331099
0.33353
0.322984
0.319743
0.100879
0.0152272
0.00113476
0.0669731
0.000257402
0.00054863
2.81923e-006
0.99496
0.000403875
