3.15078e+006
2.80876e+006
2.80014e+006
2.41352e+006
2.73053e+006
1.9528e+006
2.77042e+006
3.22713e+006
2.5142e+006
3.47402e+006
3.15759e+006
3.01731e+006
2.9832e+006
4.47792e+006
2.12841e+006
3.07331e+006
2.59286e+006
2.08567e+006
2.28012e+006
3.65655e+006
2.17226e+006
2.78658e+006
2.55968e+006
3.581e+006
2.90038e+006
2.5708e+006
3.02279e+006
2.12571e+006
2.39616e+006
2.75924e+006
4.17806e+006
3.39131e+006
3.06191e+006
2.57398e+006
3.09973e+006
2.76999e+006
3.00592e+006
2.12826e+006
1.98132e+006
3.5644e+006
2.83852e+006
2.93901e+006
2.12844e+006
2.47746e+006
3.28582e+006
3.28302e+006
2.68474e+006
3.11284e+006
2.9022e+006
3.23242e+006
2.90535e+006
