2.1496e-008
1.57618e-007
2.08576e-008
1.62884e-009
4.09156e-009
5.42108e-009
2.63042e-008
7.20812e-008
2.14788e-007
1.88865e-008
1.68791e-009
1.45473e-009
1.26478e-008
4.4703e-008
1.02884e-007
1.80322e-008
2.70892e-008
3.72017e-008
3.24869e-008
2.34058e-009
2.67713e-007
6.15645e-009
7.6848e-009
9.90039e-008
3.0246e-008
2.71996e-008
5.96651e-009
3.1362e-008
2.4856e-008
2.88341e-008
1.78404e-008
2.80561e-010
6.08271e-008
7.15164e-009
2.78943e-008
8.58067e-009
2.11293e-008
6.24189e-009
3.27913e-009
1.89906e-008
2.61072e-007
8.42071e-008
4.17528e-009
8.66034e-009
9.57908e-008
3.18468e-008
1.239e-009
2.99319e-008
4.91568e-009
7.40295e-008
2.96302e-009
