0.00154661
2.49736
4.11761
0.0127334
0.00327166
0.00957156
2.73655e-009
0.0059043
0.357419
0.00308631
0.0174971
3.70143
0.00553038
6.03197e-006
0.00176436
0.01374
5.72975e-005
4.6284e-006
3.71012e-005
1.47266e-005
3.70143
3.70143
0.00477702
0.0108055
1.82734e-005
6.95713e-006
3.70143
0.238318
0.00231827
3.70143
0.00141277
0.000889204
0.022345
0.00658441
0.00265602
0.000499718
1.82523e-005
0.000847335
0.0138873
0.000135365
7.97839e-005
0.000757198
0.000127917
0.000456561
0.000301395
0.011332
0.305445
0.0040663
0.00172192
0.0042626
0.0013608
