0.000452893
0.000386738
0.000212098
0.000287257
0.0007201
0.000306126
0.000702477
0.000446843
0.0003488
0.000337899
0.000936837
0.000361896
0.000218242
0.000219875
0.000323319
0.000236376
0.000324468
0.00113294
0.000346755
0.000641452
0.000461521
0.000643455
0.000253368
0.000233321
0.000479218
0.000174594
0.000635043
0.000487465
0.000447775
0.000376999
0.000340778
0.000449898
0.000279839
0.000364958
0.000538774
0.000357928
0.000379023
0.000280419
0.000429061
0.000324521
0.000179266
0.000434081
0.000150731
0.000676273
0.000185148
0.000527701
0.000600234
0.00039815
0.000321119
0.000165328
0.000287073
