0.035465
20.0141
0.994959
0.000191313
20.041
0.28356
0.000977665
20.0075
0.99527
20.0192
0.994999
1.99129
4.96183e-006
20.0027
2.97508e-005
20.0009
20.0144
0.99496
1.21117e-010
5.04781e-008
20.069
0.0044379
20.0197
2.88986e-005
0.0483623
0.996463
1.19024e-005
0.128588
0.00155697
1.01208
8.18757e-006
6.7341e-007
0.127583
1.36792e-006
5.60177e-006
20.0481
20.0505
0.000313853
1.99007
0.000259579
0.0029455
0.00838626
1.74118e-009
20.0771
20.0019
0.0608889
0.00968154
20.0014
1.05721
0.0608869
20.0245
