0.000287189
0.00208038
0.00107514
0.00393087
0.359777
0.126296
1.90438e-006
0.00113317
9.74659e-010
2.54759e-007
0.99498
0.00083383
0.000125912
0.000113102
0.0171638
0.00511623
0.910074
0.334767
0.00674462
1.94001e-005
1.16325e-005
0.218484
0.000349824
0.260493
0.0860917
0.00313701
0.00276746
0.000282263
2.59441e-006
0.0211395
5.71357e-005
2.24635e-008
0.00404259
0.000239508
0.0104832
0.0144624
0.23892
0.0220438
0.00164986
0.00367288
0.0238772
0.995958
0.0203147
0.031494
1.068
0.0072458
0.0727183
8.07198e-005
0.000284973
0.000229665
0.372495
