1.96332e-010
2.49271e-011
2.95453e-012
1.44523e-010
5.29888e-011
6.13343e-012
1.71444e-011
2.40134e-011
3.58248e-011
1.08433e-010
3.79713e-011
6.02486e-012
6.15081e-012
1.10499e-011
4.15632e-011
5.9421e-012
1.36337e-011
3.75537e-012
2.92287e-011
1.55007e-011
1.99431e-011
1.22817e-011
2.02934e-011
1.69709e-012
5.94017e-012
3.19278e-011
1.73209e-011
1.85514e-011
3.29575e-010
6.52454e-012
3.97424e-011
1.04943e-011
5.36604e-011
5.77611e-012
3.4296e-013
3.15087e-011
4.45954e-012
1.61254e-011
3.33832e-012
2.91225e-011
1.02071e-011
5.09512e-012
1.68161e-012
1.24039e-011
2.42727e-010
2.17915e-011
2.93471e-011
3.90555e-011
2.42682e-011
7.84967e-012
5.0239e-011
