1.72461e-018
3.39553e-020
3.46892e-021
2.51363e-021
6.23746e-018
4.44161e-016
1.48648e-020
7.73825e-019
1.16006e-019
3.25966e-018
1.07384e-019
2.41762e-018
3.4997e-018
2.79798e-019
1.0871e-016
1.12847e-018
1.10357e-016
4.65433e-017
2.54031e-018
3.07695e-018
2.63142e-020
6.91865e-021
5.38134e-016
9.84293e-019
2.53625e-017
1.31489e-017
1.36568e-019
1.95252e-019
1.84723e-019
3.18951e-019
6.58556e-019
1.49422e-016
1.11627e-020
6.43671e-014
1.28487e-017
7.43838e-019
1.51126e-017
2.81894e-016
5.43633e-019
9.14651e-018
1.15695e-016
6.09931e-020
1.40673e-015
3.83272e-017
3.02566e-020
5.66531e-019
1.23395e-019
3.64353e-020
9.09979e-018
1.6737e-018
2.01062e-017
